bondlength	fci0	energy0	error0	fci1	energy1	error1	fci2	energy2	error2
1.0	-7.784460280030998	-7.782242401701876	0.0022178783291213477	-7.658932360994421	-7.658342741779541	0.0005896192148799884	-7.644498842903164	-7.642926111789856	0.0015727311133080235
1.012	-7.790309456077191	-7.788130251450603	0.0021792046265876053	-7.6640540167064	-7.663474338001516	0.000579678704884401	-7.649632153572815	-7.648088507805217	0.0015436457675983561
1.024	-7.795885678679193	-7.793743627053472	0.0021420516257206756	-7.668957167198794	-7.66838634195857	0.0005708252402243374	-7.654543963352523	-7.653027391844482	0.0015165715080414088
1.036	-7.801200004933042	-7.799093658468281	0.002106346464761266	-7.67365170782117	-7.673088623306524	0.0005630845146464836	-7.659244179203837	-7.657752800725887	0.0014913784779500006
1.048	-7.806263017534459	-7.804190997558673	0.002072019975785544	-7.678147054433699	-7.67759065233248	0.0005564021012194331	-7.6637422324516145	-7.66227427170974	0.0014679607418743856
1.06	-7.811084842885956	-7.809045835635907	0.0020390072500484635	-7.68245216504441	-7.681901463954908	0.0005507010895016151	-7.6680470995389545	-7.6666008850593395	0.0014462144796150156
1.072	-7.8156751689679025	-7.813667922412885	0.0020072465550171614	-7.686575560853957	-7.686029635660257	0.0005459251937001142	-7.672167322291693	-7.670741279979841	0.0014260423118521715
1.084	-7.82004326294726	-7.818066583761089	0.0019766791861703936	-7.690525346685885	-7.689983326622534	0.0005420200633512451	-7.676111027664626	-7.674703658424915	0.001407369239711187
1.096	-7.824197988493355	-7.822250739314543	0.0019472491788112833	-7.694309230782814	-7.693770297270564	0.0005389335122494288	-7.679885946942239	-7.678495868142372	0.0013900787998668562
1.108	-7.8281478227677646	-7.826228919764455	0.0019189030033093246	-7.697934543951661	-7.697397899677858	0.0005366442738026223	-7.683499434370082	-7.682125393872793	0.0013740404972892861
1.12	-7.831900873054961	-7.830009283323935	0.0018915897310254337	-7.701408258044147	-7.700873090139386	0.0005351679047604918	-7.686958485196024	-7.6855992288433885	0.0013592563526358958
1.1320000000000001	-7.835464893001237	-7.833599632714737	0.0018652602865003587	-7.704737003763089	-7.70420291719834	0.000534086564749181	-7.690269753104017	-7.68892413529894	0.0013456178050770262
1.1440000000000001	-7.838847298431655	-7.837007430744492	0.0018398676871624886	-7.707927087788007	-7.707393304541956	0.0005337832460510228	-7.6934395670278315	-7.692106489284677	0.0013330777431548313
1.156	-7.842055182717991	-7.840239815896243	0.0018153668217477659	-7.710984509218309	-7.710450448808385	0.0005340604099242086	-7.696473947335954	-7.695152435102652	0.0013215122333019025
1.168	-7.845095331673964	-7.8433036173293	0.0017917143446632977	-7.713914975335294	-7.713380098832366	0.00053487650292805	-7.699378621383243	-7.698067847899695	0.0013107734835475782
1.18	-7.847974237958092	-7.846205369372002	0.0017688685860903774	-7.7167239166881485	-7.716187733758065	0.0005361829300838394	-7.702159038428403	-7.700858082362442	0.001300956065960257
1.192	-7.850698114968674	-7.848951325492657	0.001746789476016808	-7.719416501511514	-7.7188785559172475	0.0005379455942664535	-7.704820383920248	-7.703528460605289	0.001291923314958865
1.204	-7.853272910219342	-7.851547471739809	0.0017254384795331035	-7.72199764948572	-7.721457526814001	0.00054012267171899	-7.707367593158748	-7.706083977247557	0.0012836159111913048
1.216	-7.8557043181881205	-7.853999539433888	0.0017047787542328052	-7.724472044852556	-7.723929365935095	0.0005426789174611812	-7.709805364340028	-7.708529390417712	0.0012759739223158206
1.228	-7.85799779263578	-7.85631301836626	0.001684774269520517	-7.726844148901913	-7.726298580179921	0.0005455687219919625	-7.712138170996093	-7.710869229995072	0.0012689410010215951
1.24	-7.8601585583940965	-7.858493167420234	0.001665390973862202	-7.729118211845711	-7.728569447966861	0.000548763878850167	-7.714370273843305	-7.713107754777897	0.0012625190654080853
1.252	-7.862191622626687	-7.860545026606887	0.0016465960198006613	-7.731298284097587	-7.730746055448413	0.0005522286491741468	-7.7165057320543635	-7.7152492519226055	0.0012564801317580532
1.264	-7.864101785568764	-7.862473427648949	0.0016283579198148601	-7.7333882269773575	-7.7328322954289	0.0005559315484573446	-7.7185484139703	-7.717297455142683	0.0012509588276170547
1.276	-7.865893650754319	-7.864283004492832	0.001610646261486437	-7.735391722859842	-7.734831885028634	0.0005598378312079433	-7.720502007270176	-7.719256178829492	0.0012458284406839937
1.288	-7.867571634741916	-7.8659782025209495	0.0015934322209663065	-7.7373122847891995	-7.736748370768138	0.0005639140210611515	-7.722370028616915	-7.721128962576492	0.0012410660404231777
1.3	-7.869139976351873	-7.867563288333336	0.0015766880185363874	-7.739153265579102	-7.738585126346876	0.0005681392322260947	-7.72415583279817	-7.722919212858595	0.0012366199395748012
1.312	-7.87060274542908	-7.869042358278632	0.0015603871504481504	-7.740917866419782	-7.740345355564431	0.0005725108553509273	-7.725862621381772	-7.724630170389566	0.0012324509922061466
1.324	-7.87196385114723	-7.870419346831616	0.001544504315614148	-7.7426091450131995	-7.742032227424392	0.0005769175888072908	-7.727493450904975	-7.726264929263685	0.001228521641289504
1.336	-7.873227049871397	-7.871698034478333	0.001529015393063382	-7.744230023256789	-7.743648601615431	0.0005814216413586593	-7.7290512406175536	-7.727826444742138	0.0012247958754159072
1.348	-7.874395952596222	-7.872882055177265	0.001513897418957022	-7.745783294496922	-7.745197324947684	0.0005859695492382855	-7.730538779797982	-7.729317536050607	0.0012212437473753113
1.3599999999999999	-7.8754740319778325	-7.873974903414456	0.0014991285633767504	-7.747271630372049	-7.7466810951665215	0.0005905352055277646	-7.731958734662193	-7.7307407853184795	0.0012179493437134425
1.3719999999999999	-7.876464628977782	-7.874979940871132	0.001484688106650367	-7.748697587265626	-7.748102471383722	0.0005951158819046398	-7.733313654883947	-7.732099134204758	0.001214520679188702
1.384	-7.877370959137375	-7.875900402722301	0.0014705564150734318	-7.750063612388214	-7.749463953866335	0.0005996585218790429	-7.7346059797454885	-7.73339469105336	0.0012112886921284982
1.396	-7.878196118500978	-7.8767394035854625	0.0014567149155153558	-7.751372049507869	-7.750767875554659	0.0006041739532101076	-7.735838043936757	-7.73462992524162	0.0012081186951364842
1.408	-7.878943089206247	-7.877499943139137	0.00144314606711049	-7.752625144347006	-7.75201650533028	0.0006086390167254763	-7.737012083021122	-7.735807101137455	0.0012049818836672443
1.42	-7.879614744759461	-7.878184911423315	0.0014298333361466575	-7.75382504966378	-7.753212004955276	0.0006130447085039847	-7.73813023858461	-7.7369283818431	0.0012018567415097436
1.432	-7.880213855013157	-7.878797093849524	0.0014167611636324295	-7.754973830034892	-7.75435614283895	0.0006176871959420183	-7.739194563085583	-7.7379958373024165	0.0011987257831664877
1.444	-7.880743090863391	-7.879339175936185	0.0014039149272067064	-7.756073466356759	-7.755451891348061	0.0006215750086981942	-7.740207024421035	-7.739011460813435	0.0011955636075997589
1.456	-7.881205028682771	-7.8798137477540875	0.0013912809286837913	-7.757125860080574	-7.756500167883827	0.0006256921967473517	-7.741169510224768	-7.739977122077191	0.0011923881475777165
1.468	-7.881602154505245	-7.880223308165903	0.0013788463393415995	-7.75813283719657	-7.7575030368120155	0.00062980038455418	-7.742083831912764	-7.740894721379961	0.001189110532802573
1.48	-7.881936867977542	-7.88057026886652	0.0013665991110221043	-7.759096151982138	-7.758462561303813	0.0006335906783254686	-7.742951728489448	-7.741765958232089	0.0011857702573587758
1.492	-7.882211486092148	-7.880856957878161	0.0013545282139864057	-7.760017490527689	-7.759380151681561	0.0006373388461282659	-7.743774870129348	-7.7425924971143045	0.0011823730150437584
1.504	-7.882428246714903	-7.881085623521988	0.0013426231929143384	-7.760898474053103	-7.760257538610082	0.0006409354430205738	-7.744554861546159	-7.743376007085259	0.0011788544608997142
1.516	-7.882589311920977	-7.881258437515651	0.001330874405326199	-7.761740662027767	-7.761096292553903	0.0006443694738642591	-7.745293245162465	-7.744117999205005	0.0011752459574596585
1.528	-7.882696771150912	-7.881377498231985	0.0013192729189270835	-7.762545555105816	-7.761897882120049	0.000647672985766512	-7.745991504091459	-7.744819975954803	0.0011715281366564412
1.54	-7.882752644198627	-7.881444833721272	0.0013078104773551757	-7.763314597887803	-7.762663742783639	0.0006508551041637389	-7.746651064941949	-7.745483370267253	0.001167694674695241
1.552	-7.8827588840421114	-7.881462404576155	0.0012964794659566792	-7.764049181519585	-7.763395335711567	0.0006538458080180831	-7.7472733004571435	-7.7461095313568915	0.0011637691002519546
1.564	-7.882717379527111	-7.881432106423817	0.0012852731032939602	-7.764750646138197	-7.764093971086685	0.0006566750515126785	-7.747859531997405	-7.746699873848121	0.001159658149283871
1.576	-7.882629957913316	-7.8813557734021735	0.0012741845111428063	-7.765420283174279	-7.764760995652451	0.0006592875218283112	-7.748411031876238	-7.747255585378399	0.001155446497838497
1.588	-7.882498387292045	-7.881235179267637	0.0012632080244072696	-7.766059337520255	-7.765397550768317	0.0006617867519373988	-7.748929025558637	-7.747777916056995	0.0011511095016425443
1.6	-7.882324378883365	-7.881072040617414	0.0012523382659512805	-7.7666690095717685	-7.766004853145235	0.000664156426533502	-7.749414693730036	-7.748268068970389	0.001146624759646997
1.612	-7.8821095892209545	-7.880868018882685	0.0012415703382693266	-7.76725045715121	-7.76658419473551	0.0006662624156996699	-7.7498691742438695	-7.748727163495067	0.001142010748802491
1.624	-7.881855622231457	-7.880624722437567	0.001230899793890572	-7.767804797319966	-7.767136549912673	0.0006682474072929878	-7.750293563955253	-7.749156295584179	0.00113726837107464
1.6360000000000001	-7.881564031215109	-7.880343708608956	0.0012203226061524575	-7.768333108086751	-7.767663045428118	0.0006700626586333414	-7.750688920447826	-7.749556543066623	0.0011323773812028648
1.6480000000000001	-7.8812363207338505	-7.880026485592613	0.001209835141237292	-7.768836430017953	-7.768164716177009	0.0006717138409442214	-7.751056263660177	-7.7499288835564215	0.001127380103755904
1.6600000000000001	-7.880873948412765	-7.879674514281439	0.0011994341313252832	-7.769315767756858	-7.768642566780825	0.0006732009760330726	-7.751396577418404	-7.750274279451924	0.0011222979664804456
1.6720000000000002	-7.880478326659831	-7.879289210011163	0.0011891166486677207	-7.769772091456653	-7.769097566024851	0.0006745254318012428	-7.751710810880392	-7.750593884048179	0.0011169268322133163
1.6840000000000002	-7.8800508243094205	-7.878871944228995	0.0011788800804257704	-7.770206338133046	-7.769530529396849	0.0006758087361973253	-7.751999879897524	-7.7508883622607625	0.0011115176367617607
1.6960000000000002	-7.879592768193698	-7.878424046089122	0.00116872210457597	-7.770619412941269	-7.769942717434548	0.0006766955067210034	-7.752264668298972	-7.751158683777318	0.0011059845216543351
1.708	-7.879105444646091	-7.8779468031081725	0.0011586415379181148	-7.771012190382284	-7.770334622776487	0.0006775676057966251	-7.752506029103228	-7.751405690756462	0.0011003383467658168
1.72	-7.878590100941308	-7.877441466147648	0.0011486347936600083	-7.7713855154424785	-7.770707274380339	0.0006782410621397617	-7.752724785661945	-7.751630231028357	0.0010945546335880962
1.732	-7.8780479466748226	-7.8769092453073295	0.0011387013674930557	-7.771740204671158	-7.7710612593721695	0.0006789452989881539	-7.752921732740077	-7.751833065861978	0.001088666878099609
1.744	-7.877480155085587	-7.8763513162100915	0.0011288388754957523	-7.772077047199492	-7.7713977888187875	0.0006792583807042618	-7.753097637536442	-7.752014968441669	0.0010826690947727258
1.756	-7.87688786432518	-7.875768816473925	0.0011190478512554947	-7.772396805704808	-7.771717347022256	0.0006794586825522586	-7.753253240648823	-7.752176447434028	0.0010767932147945913
1.768	-7.876272178675792	-7.875162856573724	0.0011093221020672672	-7.772700217323421	-7.772020653777699	0.0006795635457219618	-7.7533892569869876	-7.752318893910291	0.001070363076696168
1.78	-7.875634169720298	-7.874534494931528	0.0010996747887697111	-7.772987994515436	-7.772308411476914	0.0006795830385222246	-7.753506376637249	-7.752442313103409	0.0010640635338399207
1.792	-7.874974877466441	-7.873884792354052	0.0010900851123887279	-7.773260825884522	-7.7725814295921065	0.000679396292415646	-7.753605265681703	-7.752547592144218	0.0010576735374847601
1.804	-7.874295311427788	-7.873214743737805	0.001080567689982992	-7.773519376955451	-7.772840257355035	0.0006791196004165556	-7.753686566975468	-7.752635308676787	0.0010512582986814678
1.816	-7.873596451663223	-7.872525333679809	0.0010711179834146378	-7.773764290912055	-7.7730855746259895	0.0006787162860657503	-7.7537509008844765	-7.752706260215024	0.0010446406694528676
1.828	-7.872879249777357	-7.8718175146800515	0.0010617350973056716	-7.773996189298538	-7.7733179944532145	0.0006781948453236097	-7.753798865987013	-7.752760854310259	0.0010380116767541026
1.8399999999999999	-7.8721446298833415	-7.871092211616961	0.0010524182663802506	-7.774215672685833	-7.773538117592869	0.0006775550929640772	-7.75383103974121	-7.7527997342499395	0.0010313054912707287
1.8519999999999999	-7.871393489530031	-7.87035032148402	0.0010431680460110115	-7.774423321306082	-7.773746518770943	0.0006768025351391316	-7.753847979121345	-7.752823399714991	0.0010245794063541425
1.8639999999999999	-7.870626700594958	-7.869592716682074	0.0010339839128841177	-7.774619695656769	-7.77394366217631	0.0006760334804587487	-7.753850221224955	-7.752832488626191	0.0010177325987639207
1.876	-7.869845110144662	-7.868820243696689	0.0010248664479730607	-7.774805337076855	-7.7741303625966385	0.0006749744802165836	-7.7538382838533115	-7.752827351748004	0.0010109321053075604
1.888	-7.869049541263703	-7.868033725810619	0.0010158154530834906	-7.7749807682967	-7.774306654861178	0.0006741134355223721	-7.753812666067175	-7.752808781567203	0.0010038844999717966
1.9	-7.868240793853499	-7.867233963658109	0.0010068301953900516	-7.775146493963513	-7.774473591624976	0.000672902338537007	-7.753773848719661	-7.752776943089488	0.0009969056301724066
1.912	-7.867419645402478	-7.866421733192511	0.0009979122099670334	-7.7753030011442394	-7.774631511210006	0.0006714899342332714	-7.753722294968618	-7.752732405113661	0.0009898898549574042
1.924	-7.866586851728237	-7.86559779118861	0.0009890605396272178	-7.775450759807248	-7.7747806280653515	0.0006701317418968955	-7.753658450769728	-7.752675615041495	0.0009828357282328781
1.936	-7.86574314769299	-7.864762871622799	0.000980276070191799	-7.775590223284478	-7.774921528082348	0.0006686952021306425	-7.753582745352414	-7.7526069942950375	0.0009757510573766837
1.948	-7.864889247893077	-7.8639176891200036	0.0009715587730738662	-7.775721828715343	-7.775054282727328	0.0006675459880156609	-7.753495591679866	-7.7525269478178345	0.0009686438620315485
1.96	-7.864025847323438	-7.863062938386854	0.0009629089365841281	-7.775845997473855	-7.775180352573317	0.0006656449005379983	-7.753397386894971	-7.752435870953967	0.0009615159410039098
1.972	-7.863153622017812	-7.86219929495169	0.0009543270661218628	-7.775963135580108	-7.775299212819422	0.0006639227606859421	-7.753288512753274	-7.75233413965463	0.0009543730986436572
1.984	-7.862273229665295	-7.861327416707227	0.0009458129580677266	-7.776073634097234	-7.775411483446944	0.000662150650289739	-7.753169336044447	-7.752222116435745	0.0009472196087019213
1.996	-7.861385310204192	-7.860447942923978	0.0009373672802146515	-7.7761778695153	-7.775517539327659	0.0006603301876415557	-7.753040209003609	-7.752100147990848	0.0009400610127610065
2.008	-7.860490486393264	-7.859561496097144	0.0009289902961198138	-7.776276204122512	-7.775617296171059	0.0006589079514531804	-7.752901469713414	-7.751968527593486	0.0009329421199284482
2.02	-7.8595893643614625	-7.858668681948687	0.000920682412775875	-7.776368986365369	-7.775712468207042	0.0006565181583262358	-7.752753442498261	-7.751827703185061	0.0009257393132005021
2.032	-7.858682534136163	-7.857770090421529	0.000912443714633504	-7.77645655119812	-7.775799917893469	0.0006566333046507111	-7.7525964383113894	-7.7516778149101295	0.0009186234012599215
2.044	-7.857770570150706	-7.856866295130221	0.000904275020484846	-7.776539220422672	-7.77588540215279	0.0006538182698818673	-7.752430755116073	-7.7515192856004855	0.0009114695155876262
2.056	-7.856854031731398	-7.85595785616007	0.0008961755713281505	-7.776617303019652	-7.775966999530085	0.0006503034895670723	-7.752256678261688	-7.751352321100001	0.0009043571616871304
2.068	-7.855933463564485	-7.8550453171390116	0.0008881464254733018	-7.776691095471058	-7.776042982005655	0.0006481134654032772	-7.752074480855306	-7.751177272373787	0.0008972084815193071
2.08	-7.855009396143409	-7.854129208188655	0.0008801879547535307	-7.776760882075671	-7.776114994037267	0.0006458880384032639	-7.7518844241299085	-7.750994297361148	0.0008901267687608794
2.092	-7.854082346196527	-7.8532100459145875	0.0008723002819390757	-7.776826935257216	-7.77618331441241	0.0006436208448059588	-7.751686757809584	-7.750803664770021	0.0008830930395635761
2.104	-7.853152817095669	-7.852288333247795	0.0008644838478737427	-7.776889515866323	-7.776248002728566	0.000641513137757066	-7.751481720472574	-7.750605178812323	0.0008765416602507514
2.116	-7.8522212992458735	-7.851364560424624	0.0008567388212492588	-7.77694887347644	-7.776309928158888	0.000638945317551709	-7.751269539912568	-7.750400172053054	0.0008693678595133036
2.128	-7.851288270456268	-7.8504392045950055	0.0008490658612627655	-7.777005246674375	-7.776368708318753	0.0006365383556223847	-7.751050433498933	-7.750188323010482	0.0008621104884509734
2.14	-7.850354196292477	-7.849512732428582	0.0008414638638951644	-7.777058863345681	-7.776424739458647	0.0006341238870346544	-7.7508246085361545	-7.749969415344224	0.0008551931919305034
2.152	-7.849419530410773	-7.848585596293088	0.0008339341176855086	-7.777109940955337	-7.776478310206235	0.0006316307491021078	-7.750592262623013	-7.749743946103974	0.0008483165190389386
2.1639999999999997	-7.8484847148739885	-7.847658239520451	0.0008264753535378588	-7.777158686824176	-7.77652940952982	0.0006292772943563563	-7.750353584011847	-7.7495121733103325	0.0008414107015148886
2.176	-7.8475501804497245	-7.846731090691779	0.0008190897579458678	-7.777205298401018	-7.776578696569427	0.0006266018315912447	-7.750108751968156	-7.749274135327293	0.0008346166408630395
2.1879999999999997	-7.846616346890616	-7.84580456937246	0.0008117775181561981	-7.777249963531044	-7.776625930073062	0.0006240334579814544	-7.749857937130746	-7.749030063294022	0.0008278738367240024
2.2	-7.8456836231970755	-7.8448790847054	0.0008045384916757214	-7.777292860720554	-7.776671426935368	0.0006214337851853102	-7.749601301872692	-7.748780118457138	0.0008211834155540387
2.2119999999999997	-7.844752407862732	-7.843955036790171	0.0007973710725606153	-7.7773341593983165	-7.776715319234274	0.0006188401640425667	-7.74933900066325	-7.748524458612423	0.0008145420508265389
2.224	-7.84382308910251	-7.843032812286357	0.0007902768161525131	-7.777374020173434	-7.776757841829377	0.0006161783440568058	-7.749071180430691	-7.748263218315964	0.000807962114726557
2.2359999999999998	-7.842896045064063	-7.842112797953015	0.0007832471110482686	-7.777412595090337	-7.776798640924529	0.0006139541658081171	-7.748797980926255	-7.747996542743609	0.000801438182645775
2.248	-7.841971644022328	-7.841195345215761	0.000776298806567155	-7.777450027880475	-7.776839116913802	0.0006109109666727619	-7.748519535089116	-7.747724558367907	0.0007949767212087622
2.26	-7.841050244557679	-7.840280820843135	0.0007694237145443594	-7.777486454211103	-7.776878313799299	0.0006081404118036815	-7.748235969412179	-7.7474473679261955	0.0007886014859836976
2.2720000000000002	-7.840132195718075	-7.839369573810034	0.0007626219080414387	-7.777522001931299	-7.776916570929254	0.0006054310020449094	-7.747947404308864	-7.747165167320173	0.0007822369886909541
2.284	-7.839217837165303	-7.838461943580063	0.0007558935852403081	-7.777556791315004	-7.776953732204491	0.0006030591105137262	-7.747653954480428	-7.746877970451732	0.0007759840286958308
2.2960000000000003	-7.8383074993059125	-7.8375582612319	0.0007492380740128368	-7.777590935301214	-7.776990911877419	0.0006000234237948376	-7.747355729283713	-7.746585966661272	0.0007697626224407728
2.308	-7.837401503407154	-7.836658848105254	0.0007426553018996529	-7.777624539731439	-7.777027335644101	0.000597204087338099	-7.747052833099032	-7.746289189534533	0.0007636435644986506
2.3200000000000003	-7.836500161698217	-7.835764014375933	0.0007361473222839976	-7.777657703584207	-7.7770632625679	0.0005944410163074565	-7.7467453656977945	-7.745987803181151	0.0007575625166431621
2.332	-7.835603777457808	-7.8348740665783065	0.0007297108795016882	-7.77769051920697	-7.777098849201461	0.0005916700055088597	-7.746433422609672	-7.745681758393212	0.0007516642164606679
2.3440000000000003	-7.834712645087851	-7.833989296606206	0.0007233484816451252	-7.777723072544909	-7.7771341797734	0.0005888927715087533	-7.746117095488483	-7.745371449232761	0.0007456462557220433
2.356	-7.833827050174602	-7.833109991107962	0.0007170590666394361	-7.777755443366981	-7.77716931414365	0.0005861292233309001	-7.745796472476755	-7.745056674466708	0.0007397980100467549
2.3680000000000003	-7.832947269537393	-7.83223642680255	0.0007108427348434532	-7.77778770548893	-7.777204358313955	0.0005833471749756569	-7.745471638567939	-7.74473761589404	0.000734022673898771
2.38	-7.832073571265999	-7.831368871977244	0.0007046992887556058	-7.777819926993482	-7.777239360808836	0.0005805661846460808	-7.745142675966168	-7.744414352932435	0.000728323033732714
2.3920000000000003	-7.831206214747241	-7.830507586128245	0.0006986286189958335	-7.777852170447333	-7.7772744245646726	0.0005777458826603521	-7.744809664442456	-7.744086962079308	0.0007227023631477536
2.404	-7.830345450681652	-7.829652820085215	0.0006926305964372048	-7.777884493115081	-7.777309547203041	0.0005749459120396594	-7.744472681686898	-7.74375553125096	0.0007171504359382297
2.416	-7.829491521091178	-7.828804814322256	0.0006867067689224626	-7.777916947170022	-7.777344533503763	0.0005724136662585977	-7.74413180365611	-7.743420064359866	0.0007117392962436853
2.428	-7.828644659318772	-7.827963806025445	0.0006808532933266775	-7.777949579901725	-7.77738022985173	0.0005693500499956983	-7.743787104914916	-7.74308082030998	0.0007062846049361582
2.44	-7.827805090020844	-7.8271300180533405	0.0006750719675032713	-7.7779824339201795	-7.77741586407638	0.000566569843799769	-7.743438658971748	-7.742737128464738	0.0007015305070092737
2.452	-7.8269730291536215	-7.826303666526937	0.0006693626266844888	-7.778015547356643	-7.77745177436739	0.0005637729892526977	-7.743086538606742	-7.742390774547048	0.0006957640596940706
2.464	-7.826148683954582	-7.82548495886894	0.0006637250856416088	-7.778048954061186	-7.777487957702747	0.0005609963584385369	-7.742730816191489	-7.742040244947666	0.0006905712438234346
2.476	-7.825332252919831	-7.824674093593143	0.0006581593266883345	-7.778082683796428	-7.777524449741993	0.0005582340544352249	-7.742371563999902	-7.741686061780108	0.0006855022197944649
2.488	-7.824523925778788	-7.823871260936591	0.0006526648421969483	-7.778116762427858	-7.7775613197723255	0.0005554426555329783	-7.742008854508855	-7.741328130313938	0.0006807241949173815
2.5	-7.823723883467189	-7.8230766415115776	0.0006472419556118325	-7.778151212110482	-7.777598520703045	0.0005526914074369671	-7.7416427606879585	-7.740967205447121	0.000675555240837511
2.512	-7.822932298099713	-7.822290408121595	0.00064188997811776	-7.77818605147164	-7.777636126450749	0.0005499250208913509	-7.741273356277387	-7.740602620471437	0.0006707358059498958
2.524	-7.822149332943298	-7.821512724770667	0.0006366081726314476	-7.7782212957901935	-7.777674115871611	0.0005471799185823301	-7.7409007160527965	-7.740234778357746	0.0006659376950501894
2.536	-7.821375142392369	-7.820743746060785	0.0006313963315838222	-7.778256957171613	-7.7777125110159275	0.0005444461556853852	-7.7405249160764305	-7.739863464692101	0.0006614513843290482
2.548	-7.8206098719472745	-7.819983616892895	0.000626255054379854	-7.778293044719364	-7.777751322723363	0.0005417219960008879	-7.740146033933648	-7.739489351170706	0.0006566827629423955
2.56	-7.8198536581967435	-7.819232474711819	0.0006211834849247921	-7.778329564702165	-7.777790557007938	0.0005390076942273225	-7.739764148953713	-7.739112054271473	0.0006520946822394791
2.572	-7.819106628806428	-7.818490447493126	0.0006161813133020999	-7.7783665207174435	-7.777830212053765	0.0005363086636789305	-7.739379342414243	-7.738731716347241	0.0006476260670025269
2.584	-7.818368902513721	-7.8177576542669325	0.0006112482467885982	-7.778403913850252	-7.7778702936185224	0.0005336202317298699	-7.738991697728449	-7.738348457336253	0.0006432403921960983
2.596	-7.817640589126518	-7.81703420511783	0.0006063840086882877	-7.778441742828465	-7.777910795876837	0.0005309469516285859	-7.738601300614438	-7.737962370661758	0.0006389299526805559
2.608	-7.8169217895393865	-7.8163202020274145	0.0006015875119720349	-7.778480004173804	-7.777951713725928	0.0005282904478756123	-7.738208239246084	-7.737573528679226	0.0006347105668575992
2.62	-7.816212595749996	-7.815615735901176	0.000596859848820408	-7.778518692348352	-7.7779930252846405	0.000525667063711488	-7.7378126043844135	-7.737181996830393	0.0006306075540205569
2.632	-7.815513090890437	-7.8149208910320045	0.0005921998584321742	-7.778557799897119	-7.77803467418285	0.0005231257142694901	-7.737414489489695	-7.736787960521616	0.000626528968079576
2.644	-7.814823349268886	-7.814235741444862	0.0005876078240243388	-7.778597317586289	-7.778076913020182	0.0005204045661075796	-7.737013990813292	-7.736391556905014	0.0006224339082780972
2.656	-7.814143436422827	-7.813560354684842	0.0005830817379850473	-7.778637234537126	-7.778119418294343	0.0005178162427830202	-7.736611207469225	-7.735992701072491	0.0006185063967336646
2.668	-7.813473409184722	-7.812894786416492	0.0005786227682298417	-7.778677538355556	-7.778162219970515	0.0005153183850410414	-7.736206241485128	-7.735591484889927	0.0006147565952012712
2.6799999999999997	-7.812813315760513	-7.812239085804462	0.0005742299560509423	-7.778718215257651	-7.778205542057314	0.0005126732003368772	-7.7357991978327245	-7.735188311886156	0.0006108859465685512
2.692	-7.812163195821298	-7.81159329289005	0.0005699029312475901	-7.778759250190604	-7.778249118433569	0.0005101317570348485	-7.735390184437619	-7.734782977774071	0.0006072066635480766
2.7039999999999997	-7.8115230806083895	-7.810957439367745	0.0005656412406445099	-7.77880062694953	-7.778293017370697	0.0005076095788334456	-7.734979312168622	-7.7343758743553614	0.0006034378132602214
2.716	-7.810892993051911	-7.810331548646046	0.0005614444058652523	-7.778842328289932	-7.7783372213397595	0.0005051069501726957	-7.7345666948069995	-7.733966647371131	0.0006000474358689445
2.7279999999999998	-7.810272947903137	-7.809715635904117	0.0005573119990200937	-7.778884336035864	-7.778381712157266	0.0005026238785976744	-7.734152448995891	-7.7335561246675555	0.0005963243283355624
2.74	-7.809662951880089	-7.809109708353816	0.0005532435262729507	-7.778926631183898	-7.778426470074026	0.0005001611098718328	-7.733736694170389	-7.733143826093312	0.0005928680770770356
2.752	-7.8090630038266635	-7.808513765315747	0.0005492385109162612	-7.778969194002897	-7.778471475587205	0.0004977184156924608	-7.733319552469105	-7.732730073573013	0.0005894788960922881
2.7640000000000002	-7.808473094884426	-7.807927797996031	0.000545296888394553	-7.77901200412943	-7.778516636778077	0.0004953673513528045	-7.732901148627572	-7.732314994763373	0.0005861538641989128
2.776	-7.807893208677266	-7.807351791399742	0.0005414172775237702	-7.779055040659246	-7.778562142815155	0.0004928978440910115	-7.732481609854695	-7.7318987120673235	0.0005828977873711949
2.7880000000000003	-7.807323321507699	-7.806785721288512	0.0005376002191868068	-7.779098282234386	-7.778607752691377	0.0004905295430095435	-7.732061065692992	-7.731481360093155	0.0005797055998373324
2.8	-7.806763402564935	-7.80622955862646	0.0005338439384754423	-7.779141707126461	-7.77865352026286	0.00048818686360085906	-7.731639647863436	-7.731063090906886	0.0005765569565499007
2.8120000000000003	-7.806213414143387	-7.80568326629746	0.000530147845926976	-7.7791852933157815	-7.778699467036276	0.00048582627950555235	-7.731217490096568	-7.730643856272274	0.0005736338242936512
2.824	-7.805673311871079	-7.805146799225081	0.0005265126459974567	-7.779229018566429	-7.778745505242734	0.0004835133236955613	-7.730794727950212	-7.730224262147137	0.0005704658030749599
2.8360000000000003	-7.805143044947314	-7.804620107825779	0.0005229371215342837	-7.77927286049766	-7.778791575976279	0.00048128452138129774	-7.7303714986158765	-7.729803986152366	0.0005675124635100559
2.848	-7.804622556388297	-7.804103131238796	0.000519425149501096	-7.779316796651276	-7.7788378414068715	0.0004789552444046663	-7.729947940714483	-7.729383328587419	0.0005646121270643789
2.8600000000000003	-7.804111783280108	-7.803595817344392	0.0005159659357163449	-7.779360804555324	-7.7788840950114855	0.0004767095438387159	-7.729524194082931	-7.7289618553962045	0.0005623386867261715
2.872	-7.803610657037775	-7.803098091452498	0.0005125655852769029	-7.7794048617839655	-7.778929004792211	0.0004758569917546751	-7.72910039955289	-7.728541096710575	0.0005593028423147572
2.8840000000000003	-7.8031191036696965	-7.802609882092378	0.0005092215773183639	-7.779448946013971	-7.77897664778506	0.00047229822891026174	-7.728676698723235	-7.728120282756749	0.0005564159664857016
2.896	-7.802637044046111	-7.802131109343736	0.0005059347023745886	-7.7794930350774125	-7.779022921937725	0.0004701131396878111	-7.72825323372711	-7.7276996437410315	0.0005535899860786841
2.9080000000000004	-7.802164394170738	-7.801661689983591	0.0005027041871468185	-7.779537107011095	-7.779069145819325	0.00046796119176928386	-7.7278301469954656	-7.727279029370854	0.0005511176246111305
2.92	-7.801701065454643	-7.801201536010437	0.0004995294442062814	-7.7795811401024695	-7.779115307638361	0.00046583246410847323	-7.727407581017872	-7.726859184562438	0.0005483964554340304
2.932	-7.801246964991057	-7.800750555152902	0.0004964098381545767	-7.7796251129324485	-7.779161363575602	0.0004637493568466766	-7.726985678102572	-7.726439797958377	0.000545880144195543
2.944	-7.800801995830327	-7.8003086510046735	0.0004933448256538853	-7.779669004414777	-7.779207355617805	0.00046164879697219163	-7.726564580136169	-7.72602116511371	0.0005434150224594703
2.956	-7.800366057254094	-7.799875724383837	0.0004903328702576815	-7.779712793832629	-7.779253181861304	0.0004596119713244917	-7.726144428345049	-7.725603428387424	0.0005409999576251323
2.968	-7.799939045047578	-7.79945167150386	0.00048737354371830577	-7.779756460871987	-7.7792988993950205	0.000457561476966184	-7.725725363059025	-7.725186700123334	0.0005386629356909367
2.98	-7.799520851769166	-7.799036389244334	0.000484462524831919	-7.779799985652056	-7.779344421020374	0.0004555646316815043	-7.725307523478803	-7.724771199960529	0.0005363235182747061
2.992	-7.799111367016611	-7.798629761204752	0.00048160581185907603	-7.77984334875317	-7.779389791229575	0.00045355752359466095	-7.724891047447866	-7.724357000449627	0.0005340469982382245
3.004	-7.798710477688836	-7.798231678067955	0.00047879962088082095	-7.779886531241763	-7.779434937238893	0.00045159400286998164	-7.724476071230217	-7.723944249443072	0.0005318217871455033
3.016	-7.798318068242713	-7.797842025569283	0.0004760426734300438	-7.779929514692746	-7.7794798598980215	0.0004496547947248075	-7.7240627292943245	-7.723532982957815	0.0005297463365092625
3.028	-7.797934020944247	-7.797460685615999	0.00047333532824822555	-7.779972281209508	-7.779524534464251	0.0004477467452570494	-7.723651154104797	-7.723123641361711	0.0005275127430861559
3.04	-7.797558216113406	-7.797087539479207	0.0004706766341984192	-7.7800148134414835	-7.779568516103963	0.00044629733752010736	-7.723241475921834	-7.722716048190109	0.0005254277317252587
3.052	-7.797190532362084	-7.796722467018054	0.00046806534402943356	-7.780057094599254	-7.779613102384554	0.00044399221470037276	-7.72283382260942	-7.722310423236498	0.0005233993729225617
3.064	-7.796830846824942	-7.796365345821458	0.00046550100348330403	-7.780099108467808	-7.779656975256765	0.00044213321104269454	-7.722428319453203	-7.721906941863755	0.0005213775894485906
3.076	-7.796479035382263	-7.796016052503052	0.0004629828792106494	-7.780140839417228	-7.779700528192734	0.0004403112244935059	-7.722025088987709	-7.721505679234936	0.0005194097527727592
3.088	-7.79613497287505	-7.795674462630419	0.0004605102446308962	-7.780182272411901	-7.779743748866467	0.00043852354543361116	-7.721624250834218	-7.721106760886385	0.0005174899478328499
3.1	-7.79579853331154	-7.795340450928627	0.0004580823829130054	-7.78022339301738	-7.779786655555245	0.0004367374621345732	-7.721225921549021	-7.720710312957329	0.0005156085916917519
3.112	-7.7954695900652515	-7.7950138915044285	0.00045569856082305904	-7.780264187405774	-7.779829201627648	0.00043498577812606243	-7.720830214482661	-7.72031624352711	0.0005139709555512795
3.124	-7.795148016064278	-7.79469465801382	0.00045335805045798594	-7.780304642359148	-7.779871385304903	0.0004332570542455727	-7.72043723965024	-7.719925274179896	0.0005119654703440446
3.136	-7.794833683971694	-7.794382623840201	0.0004510601314926532	-7.780344745271691	-7.7799129985180455	0.00043174675364543447	-7.720047103612938	-7.7195369023579055	0.0005102012550324275
3.148	-7.79452646635705	-7.794077662259404	0.0004488040976458052	-7.780384484149867	-7.779954618138172	0.00042986601169481276	-7.719659909370822	-7.719151434625758	0.0005084747450645466
3.16	-7.794226235858858	-7.793779646611806	0.00044658924705220926	-7.780423847611644	-7.779995643333058	0.0004282042785854756	-7.7192757562669385	-7.71876897166401	0.0005067846029280787
3.172	-7.793932865338229	-7.793488450818153	0.00044441452007681903	-7.780462824884051	-7.780036244356824	0.00042658052722721607	-7.718894739902714	-7.718389395715352	0.0005053441873617004
3.184	-7.793646228023615	-7.79320394781807	0.00044228020554459846	-7.780501405799599	-7.780076422237648	0.0004249835619516418	-7.718516952064407	-7.71801343967885	0.0005035123855572365
3.196	-7.793366197646741	-7.792926013053391	0.000440184593350601	-7.780539580791577	-7.780116219747133	0.00042336104444373746	-7.718142480660624	-7.717640552188901	0.0005019284717224792
3.208	-7.793092648569968	-7.792654521225032	0.0004381273449363121	-7.780577340888152	-7.780155125185957	0.00042221570219425075	-7.717771409670534	-7.717271030884629	0.0005003787859045872
3.22	-7.792825455905226	-7.792389348273179	0.0004361076320469337	-7.780614677705592	-7.780194427004399	0.0004202507011932255	-7.717403819102848	-7.716904956502568	0.0004988626002795371
3.232	-7.792564495624549	-7.792130370628385	0.0004341249961639093	-7.780651583440512	-7.780232305397949	0.00041927804256225443	-7.7170397849647445	-7.716542401762902	0.0004973832018428936
3.244	-7.792309644662671	-7.7918774658215115	0.0004321788411596472	-7.78068805086121	-7.780270856435504	0.00041719442570631315	-7.716679379241114	-7.71618344564559	0.000495933595524356
3.2560000000000002	-7.792060781011799	-7.791630513036271	0.00043026797552858653	-7.7807240732983844	-7.780308365521753	0.0004157077766313577	-7.716322669883227	-7.715828161073314	0.0004945088099130857
3.2680000000000002	-7.791817783808693	-7.7913893915503465	0.00042839225834612193	-7.780759644634909	-7.78034540232667	0.0004142423082384994	-7.715969720806692	-7.715476600313162	0.0004931204935303413
3.2800000000000002	-7.7915805334145745	-7.791153982374006	0.0004265510405687678	-7.780794759295242	-7.780381961621694	0.000412797673548404	-7.715620591898478	-7.715128456167161	0.0004921357313172336
3.2920000000000003	-7.791348911487921	-7.79092416798747	0.0004247435004511857	-7.780829412234047	-7.780417975565662	0.0004114366683847237	-7.71527533903223	-7.714784902465201	0.0004904365670288513
3.3040000000000003	-7.791122801050555	-7.790699832181129	0.0004229688694259437	-7.780863598924395	-7.78045362885463	0.0004099700697643982	-7.714934014091821	-7.714444878023333	0.0004891360684879942
3.316	-7.790902086547181	-7.790480859926133	0.00042122662104837616	-7.7808973153454986	-7.780488728469013	0.00040858687648537284	-7.714596665002535	-7.714108798623433	0.0004878663791023641
3.328	-7.790686653898825	-7.790267137685557	0.00041951621326763444	-7.780930557970028	-7.780523235353158	0.0004073226168701538	-7.714263335769442	-7.713776684835936	0.00048665093350663824
3.34	-7.790476390550419	-7.790058554271452	0.00041783627896663234	-7.780963323751141	-7.780557435587892	0.0004058881632493794	-7.71393406652269	-7.713448655633798	0.0004854108888920905
3.352	-7.790271185512639	-7.789854997881692	0.0004161876309467516	-7.780995610109125	-7.78059103932971	0.0004045707794144704	-7.713608893569065	-7.713124664334729	0.00048422923433566467
3.364	-7.790070929398647	-7.789656360388742	0.00041456900990510803	-7.781027414917942	-7.780624155701249	0.0004032592166929305	-7.713287849449577	-7.712804776182527	0.0004830732670493276
3.376	-7.78987551445566	-7.7894625346270105	0.0004129798286491848	-7.781058736491372	-7.780656768818182	0.00040196767318967375	-7.7129709630024665	-7.7124890326642115	0.0004819303382550544
3.388	-7.789684834591848	-7.789273415067594	0.00041141952425416406	-7.78108957356918	-7.780688870990107	0.0004007025790730978	-7.712658259432149	-7.712177426527089	0.00048083290506006904
3.4	-7.7894987853987665	-7.789088897853319	0.0004098875454472406	-7.781119925303097	-7.780720470667823	0.0003994546352741324	-7.712349760378727	-7.711870021086616	0.000479739292110537
