steps	0	5	10	15	20	25	30	35	40	45	46
energies	-12.59065	-13.865058	-13.971798	-14.123883	-14.215038	-14.246866	-14.257897	-14.257923	-14.25796	-14.257968	-14.257968153076549
errors	1.9442996282340221	0.6698916282340228	0.5631516282340225	0.41106662823402296	0.3199116282340224	0.28808362823402156	0.27705262823402244	0.27702662823402235	0.2769896282340216	0.2769816282340223	0.2769814751574735

steps	0	5	10	15	20	25	30	35	40	45	50	55	60	65	70	75	80	85	90	95	100	105	110	115	120	125	130	135	140	145	150	155	160	165	170	175	180	185	190	195	200	205	210	215	220	225	230	234
energies	-13.531785	-14.170565	-14.292768	-14.416173	-14.500939	-14.507628	-14.508261	-14.510879	-14.513784	-14.520176	-14.522402	-14.522727	-14.523253	-14.524879	-14.526109	-14.526162	-14.52615	-14.526389	-14.526439	-14.526447	-14.526476	-14.526479	-14.526491	-14.526529	-14.526532	-14.526534	-14.526536	-14.52654	-14.52655	-14.526557	-14.526558	-14.526558	-14.526563	-14.526599	-14.52661	-14.526613	-14.526653	-14.526663	-14.526663	-14.526663	-14.526663	-14.526663	-14.526663	-14.526663	-14.526663	-14.526663	-14.526663	-14.526663024511874
errors	1.003164628234023	0.3643846282340224	0.24218162823402167	0.11877662823402169	0.03401062823402157	0.027321628234021844	0.02668862823402307	0.02407062823402306	0.021165628234022904	0.01477362823402295	0.012547628234022667	0.012222628234022537	0.011696628234021844	0.010070628234021939	0.008840628234022319	0.008787628234022904	0.008799628234022805	0.00856062823402226	0.008510628234022377	0.008502628234023035	0.008473628234021646	0.008470628234022115	0.008458628234022214	0.008420628234022232	0.0084176282340227	0.008415628234022421	0.008413628234022141	0.008409628234021582	0.00839962823402196	0.00839262823402187	0.008391628234022619	0.008391628234022619	0.008386628234022808	0.008350628234023105	0.008339628234022456	0.008336628234022925	0.008296628234022663	0.008286628234023041	0.008286628234023041	0.008286628234023041	0.008286628234023041	0.008286628234023041	0.008286628234023041	0.008286628234023041	0.008286628234023041	0.008286628234023041	0.008286628234023041	0.008286603722147845

steps	0	5	10	15	20	25	30	35	40	45	50	55	60	65	70	75	80	85	90	95	100	105	110	115	120	125	130	135	140	145	150	155	160	165	170	175	180	185	190	195	200	205	210	215	220	223
energies	-12.873054	-14.074803	-14.432941	-14.497998	-14.512032	-14.513836	-14.514521	-14.514875	-14.514998	-14.515177	-14.515325	-14.515537	-14.51565	-14.51577	-14.516009	-14.515996	-14.517053	-14.518118	-14.520309	-14.521589	-14.524218	-14.526509	-14.527421	-14.527888	-14.528178	-14.52844	-14.528611	-14.528988	-14.529321	-14.529567	-14.529725	-14.530011	-14.530452	-14.530922	-14.531187	-14.531413	-14.531407	-14.531407	-14.531407	-14.531407	-14.531407	-14.531407	-14.531407	-14.531407	-14.531407	-14.531406643227209
errors	1.6618956282340225	0.46014662823402297	0.10200862823402268	0.03695162823402143	0.022917628234022658	0.02111362823402274	0.020428628234022028	0.020074628234022285	0.019951628234021968	0.019772628234022704	0.019624628234021557	0.019412628234022122	0.019299628234021426	0.019179628234022417	0.018940628234021872	0.0189536282340228	0.017896628234021605	0.016831628234022844	0.014640628234023012	0.013360628234021732	0.01073162823402285	0.008440628234021474	0.007528628234021895	0.007061628234021455	0.006771628234021776	0.006509628234022458	0.006338628234022536	0.005961628234022243	0.00562862823402277	0.005382628234022135	0.005224628234023143	0.0049386282340222465	0.004497628234021889	0.004027628234021918	0.003762628234023069	0.003536628234021677	0.0035426282340225157	0.0035426282340225157	0.0035426282340225157	0.0035426282340225157	0.0035426282340225157	0.0035426282340225157	0.0035426282340225157	0.0035426282340225157	0.0035426282340225157	0.0035429850068133817

steps	0	5	10	15	20	25	30	35	40	45	50	55	60	65	70	75	80	85	90	95	100	105	110	115	120	125	130	135	140	145	150	155	160	165	170	175	180	185	190	195	200	205	210	215	220	225	230	235	240	245	250	255	260	265	270	275	280	285	290	295	296
energies	-13.017084	-13.76114	-14.175433	-14.400911	-14.466615	-14.498165	-14.510148	-14.512983	-14.514683	-14.515483	-14.516167	-14.517762	-14.519459	-14.520501	-14.522046	-14.524358	-14.526571	-14.528922	-14.531	-14.531636	-14.532356	-14.533053	-14.533528	-14.533793	-14.533941	-14.534004	-14.534059	-14.534108	-14.53412	-14.534131	-14.534152	-14.53416	-14.534163	-14.534169	-14.534175	-14.534177	-14.534178	-14.534179	-14.534179	-14.534179	-14.53418	-14.53418	-14.53418	-14.534181	-14.534181	-14.534181	-14.534181	-14.534181	-14.534181	-14.534181	-14.534181	-14.534181	-14.534181	-14.534181	-14.534181	-14.534181	-14.534181	-14.534181	-14.534181	-14.534181	-14.534181188138044
errors	1.5178656282340217	0.773809628234023	0.3595166282340223	0.13403862823402157	0.06833462823402314	0.036784628234022065	0.0248016282340231	0.021966628234022068	0.020266628234022477	0.019466628234022565	0.01878262823402288	0.017187628234022867	0.015490628234022807	0.01444862823402282	0.01290362823402269	0.01059162823402282	0.00837862823402169	0.006027628234022586	0.003949628234021674	0.003313628234021593	0.002593628234022205	0.0018966282340215912	0.00142162823402181	0.0011566282340229606	0.0010086282340218133	0.0009456282340227773	0.0008906282340230831	0.0008416282340224512	0.0008296282340225503	0.0008186282340219009	0.0007976282340216301	0.0007896282340222882	0.0007866282340227571	0.0007806282340219184	0.0007746282340228561	0.0007726282340225765	0.0007716282340215486	0.000770628234022297	0.000770628234022297	0.000770628234022297	0.0007696282340230454	0.0007696282340230454	0.0007696282340230454	0.0007686282340220174	0.0007686282340220174	0.0007686282340220174	0.0007686282340220174	0.0007686282340220174	0.0007686282340220174	0.0007686282340220174	0.0007686282340220174	0.0007686282340220174	0.0007686282340220174	0.0007686282340220174	0.0007686282340220174	0.0007686282340220174	0.0007686282340220174	0.0007686282340220174	0.0007686282340220174	0.0007686282340220174	0.0007684400959782067

steps	0	5	10	15	20	25	30	35	40	45	50	55	60	65	70	75	80	85	90	95	100	105	110	115	120	125	130	135	140	145	150	154
energies	-12.313	-13.722838	-14.263759	-14.44861	-14.499845	-14.520041	-14.527706	-14.530796	-14.531782	-14.532456	-14.533034	-14.53359	-14.533837	-14.533958	-14.534001	-14.534065	-14.5341	-14.534128	-14.534139	-14.534152	-14.534157	-14.534157	-14.534157	-14.534157	-14.534157	-14.534157	-14.534157	-14.534157	-14.534157	-14.534157	-14.534157	-14.534157304741683
errors	2.2219496282340216	0.8121116282340228	0.27119062823402196	0.08633962823402186	0.03510462823402172	0.014908628234021393	0.007243628234022026	0.004153628234021767	0.0031676282340225015	0.002493628234022438	0.0019156282340215824	0.0013596282340220256	0.0011126282340221394	0.0009916282340221017	0.0009486282340223084	0.0008846282340222444	0.0008496282340217931	0.000821628234021432	0.000810628234022559	0.0007976282340216301	0.0007926282340218194	0.0007926282340218194	0.0007926282340218194	0.0007926282340218194	0.0007926282340218194	0.0007926282340218194	0.0007926282340218194	0.0007926282340218194	0.0007926282340218194	0.0007926282340218194	0.0007926282340218194	0.0007923234923392641

steps	0	5	10	15	20	25	30	35	40	45	50	55	60	65	70	75	80	85	90	95	100	105	110	115	120	125	130	135	140	145	150	155	160	165	170	175	180	185	190	195	200	205	210	215	220	225	230	235	240	245	250	253
energies	-12.846112	-13.516771	-13.997108	-14.168843	-14.269545	-14.338827	-14.403971	-14.45621	-14.480501	-14.496023	-14.504766	-14.511786	-14.517898	-14.520756	-14.524317	-14.526023	-14.527076	-14.527863	-14.528431	-14.528923	-14.529696	-14.530201	-14.530934	-14.531767	-14.532344	-14.532909	-14.533328	-14.533644	-14.533914	-14.534038	-14.534098	-14.534144	-14.534161	-14.53417	-14.534174	-14.534177	-14.534177	-14.534178	-14.534179	-14.53418	-14.534181	-14.534181	-14.534181	-14.534181	-14.534181	-14.534181	-14.534181	-14.534181	-14.534181	-14.534181	-14.534181	-14.534181347802772
errors	1.6888376282340225	1.018178628234022	0.5378416282340215	0.3661066282340215	0.26540462823402144	0.19612262823402205	0.13097862823402195	0.07873962823402181	0.05444862823402197	0.03892662823402304	0.03018362823402221	0.023163628234021516	0.01705162823402162	0.014193628234021816	0.010632628234022334	0.008926628234021905	0.007873628234023045	0.007086628234022285	0.006518628234022827	0.006026628234021558	0.005253628234022756	0.004748628234022334	0.004015628234022017	0.0031826282340219336	0.002605628234022106	0.0020406282340221793	0.0016216282340231203	0.001305628234021583	0.0010356282340229228	0.0009116282340215776	0.0008516282340220727	0.0008056282340227483	0.0007886282340230366	0.0007796282340226668	0.0007756282340221077	0.0007726282340225765	0.0007726282340225765	0.0007716282340215486	0.000770628234022297	0.0007696282340230454	0.0007686282340220174	0.0007686282340220174	0.0007686282340220174	0.0007686282340220174	0.0007686282340220174	0.0007686282340220174	0.0007686282340220174	0.0007686282340220174	0.0007686282340220174	0.0007686282340220174	0.0007686282340220174	0.0007682804312505453

steps	0	5	10	15	20	25	30	35	40	45	50	55	60	65	70	75	80	85	90	95	100	105	110	115	120	125	130	135	140	145	150	155	160	165	170	175	180	185	190	195	200	205	210	215	220	225	230	235	240
energies	-12.8973	-13.805775	-14.189615	-14.404309	-14.470622	-14.490959	-14.510943	-14.518504	-14.525143	-14.527253	-14.528317	-14.528761	-14.529094	-14.529552	-14.529948	-14.530375	-14.531028	-14.531517	-14.532159	-14.53254	-14.532794	-14.533041	-14.533308	-14.533476	-14.533596	-14.533711	-14.533781	-14.533886	-14.533947	-14.534011	-14.534046	-14.534068	-14.534094	-14.534112	-14.534129	-14.534136	-14.534142	-14.534149	-14.534153	-14.534156	-14.534159	-14.534163	-14.534163	-14.534163	-14.534163	-14.534163	-14.534163	-14.534163	-14.534162932060603
errors	1.6376496282340227	0.7291746282340217	0.3453346282340224	0.13064062823402267	0.06432762823402172	0.04399062823402211	0.024006628234022998	0.01644562823402218	0.009806628234022341	0.007696628234022285	0.006632628234022775	0.006188628234022886	0.005855628234021637	0.0053976282340215676	0.005001628234023059	0.004574628234022882	0.003921628234023089	0.0034326282340231273	0.0027906282340222077	0.002409628234023131	0.0021556282340213784	0.0019086282340214922	0.0016416282340223631	0.001473628234021973	0.0013536282340229633	0.0012386282340219879	0.0011686282340228615	0.0010636282340215075	0.001002628234022751	0.000938628234022687	0.0009036282340222357	0.0008816282340227133	0.0008556282340226318	0.0008376282340218921	0.0008206282340221804	0.0008136282340220902	0.0008076282340230279	0.0008006282340229376	0.0007966282340223785	0.0007936282340228473	0.0007906282340215398	0.0007866282340227571	0.0007866282340227571	0.0007866282340227571	0.0007866282340227571	0.0007866282340227571	0.0007866282340227571	0.0007866282340227571	0.000786696173419088

steps	0	5	10	15	20	25	30	35	40	45	50	55	60	65	70	75	80	85	90	95	100	105	110	115	120	125	130	135	140	145	150	155	160	165	170	175	180	185	190	195	197
energies	-12.275068	-13.583839	-14.091744	-14.331691	-14.416092	-14.45141	-14.478095	-14.504362	-14.518775	-14.525072	-14.528091	-14.529535	-14.530529	-14.53125	-14.532004	-14.532427	-14.532778	-14.533065	-14.533363	-14.533554	-14.533785	-14.533915	-14.533989	-14.534021	-14.534058	-14.534079	-14.534106	-14.534124	-14.534137	-14.534149	-14.534163	-14.534164	-14.534164	-14.534164	-14.534164	-14.534164	-14.534164	-14.534165	-14.534164	-14.534164	-14.534164281017961
errors	2.259881628234023	0.9511106282340229	0.443205628234022	0.20325862823402296	0.11885762823402146	0.08353962823402306	0.05685462823402254	0.030587628234021835	0.016174628234022492	0.009877628234022495	0.00685862823402239	0.005414628234023056	0.004420628234022672	0.0036996282340222564	0.002945628234021669	0.0025226282340220507	0.0021716282340218385	0.0018846282340216902	0.001586628234022669	0.0013956282340217285	0.0011646282340223024	0.0010346282340218949	0.0009606282340222094	0.0009286282340230656	0.0008916282340223347	0.0008706282340220639	0.0008436282340227308	0.0008256282340219911	0.0008126282340228386	0.0008006282340229376	0.0007866282340227571	0.0007856282340217291	0.0007856282340217291	0.0007856282340217291	0.0007856282340217291	0.0007856282340217291	0.0007856282340217291	0.0007846282340224775	0.0007856282340217291	0.0007856282340217291	0.0007853472160608277

