steps	0	5	10	15	20	25	30	35	40	45	50	51
energies	-13.957044	-14.359666	-14.478867	-14.491662	-14.496672	-14.501029	-14.50225	-14.508617	-14.509612	-14.509599	-14.509746	-14.509746483952789
errors	0.5779056282340225	0.17528362823402155	0.05608262823402299	0.043287628234022435	0.03827762823402203	0.03392062823402142	0.03269962823402217	0.026332628234023048	0.025337628234021636	0.025350628234022565	0.025203628234022446	0.02520314428123349

steps	0	5	10	15	20	25	30	35	40	45	50	55	60	65	70	75	80	85	90	95	100
energies	-13.881214	-14.203135	-14.412833	-14.461322	-14.485998	-14.497812	-14.508072	-14.509563	-14.510095	-14.511358	-14.514	-14.51655	-14.517153	-14.517591	-14.517635	-14.517771	-14.518196	-14.518566	-14.518941	-14.518946	-14.51894644795089
errors	0.6537356282340223	0.33181462823402263	0.12211662823402314	0.07362762823402313	0.04895162823402188	0.03713762823402256	0.026877628234021955	0.025386628234022268	0.024854628234022513	0.02359162823402272	0.02094962823402291	0.018399628234021748	0.01779662823402184	0.017358628234022788	0.017314628234021967	0.017178628234022497	0.0167536282340226	0.016383628234022396	0.016008628234022382	0.01600362823402257	0.016003180283131968

steps	0	5	10	15	20	25	30	35	40	45	50	55	60	65	70	75	80	85	90	95	100	105	110	115	120	125	130	135	140	145	150	155	160	165	170	175	180	185	190	195	200	205	210	215	220	225	229
energies	-13.227295	-14.043912	-14.404256	-14.471587	-14.502085	-14.512149	-14.518671	-14.519253	-14.51927	-14.519289	-14.519379	-14.519695	-14.520315	-14.521262	-14.522172	-14.522743	-14.522988	-14.523485	-14.523717	-14.523875	-14.523997	-14.52416	-14.524227	-14.524232	-14.524233	-14.524233	-14.524234	-14.524239	-14.524256	-14.524265	-14.524271	-14.524274	-14.524279	-14.524282	-14.524283	-14.524283	-14.524283	-14.524283	-14.524283	-14.524284	-14.524284	-14.524284	-14.524284	-14.524284	-14.524285	-14.524285	-14.524284795109933
errors	1.3076546282340225	0.49103762823402164	0.13069362823402209	0.06336262823402272	0.03286462823402303	0.022800628234021403	0.01627862823402282	0.015696628234021404	0.015679628234021692	0.0156606282340217	0.015570628234021555	0.015254628234021794	0.014634628234022173	0.013687628234022142	0.012777628234022842	0.012206628234022077	0.01196162823402247	0.01146462823402139	0.011232628234022712	0.011074628234021944	0.010952628234022654	0.010789628234022075	0.01072262823402248	0.01071762823402267	0.010716628234021641	0.010716628234021641	0.01071562823402239	0.010710628234022579	0.010693628234022867	0.010684628234022497	0.010678628234021659	0.010675628234022128	0.010670628234022317	0.010667628234022786	0.010666628234021758	0.010666628234021758	0.010666628234021758	0.010666628234021758	0.010666628234021758	0.010665628234022506	0.010665628234022506	0.010665628234022506	0.010665628234022506	0.010665628234022506	0.010664628234021478	0.010664628234021478	0.010664833124089057

steps	0	5	10	15	20	25	30	35	40	45	50	55	60	65	70	75	80	85	90	95	100	105	110	115	120	125	130	135	140	145	150	155	160	165	170	175	180	185	190	195	200	205	210	215	220	225	230	235	240	245	250	255	259
energies	-13.401032	-14.278187	-14.480512	-14.4949	-14.510589	-14.523114	-14.524249	-14.525407	-14.526682	-14.527225	-14.528132	-14.528612	-14.528899	-14.529028	-14.529121	-14.529179	-14.529252	-14.529501	-14.529568	-14.529598	-14.529664	-14.529683	-14.529699	-14.529707	-14.529723	-14.529724	-14.529724	-14.529726	-14.529726	-14.529726	-14.529727	-14.529727	-14.529727	-14.529727	-14.529728	-14.529729	-14.52973	-14.529731	-14.529738	-14.52974	-14.529753	-14.529753	-14.529753	-14.529753	-14.529753	-14.529754	-14.529755	-14.529755	-14.529755	-14.529755	-14.529756	-14.529757	-14.529756984828637
errors	1.1339176282340215	0.2567626282340214	0.054437628234023094	0.040049628234022805	0.02436062823402274	0.011835628234022622	0.010700628234022957	0.009542628234022743	0.00826762823402305	0.007724628234022646	0.006817628234022877	0.006337628234021508	0.0060506282340231365	0.005921628234021981	0.005828628234022304	0.0057706282340230786	0.005697628234022645	0.005448628234022479	0.005381628234022884	0.005351628234022243	0.0052856282340219	0.005266628234021908	0.005250628234021448	0.005242628234022106	0.005226628234021646	0.005225628234022395	0.005225628234022395	0.005223628234022115	0.005223628234022115	0.005223628234022115	0.005222628234022864	0.005222628234022864	0.005222628234022864	0.005222628234022864	0.005221628234021836	0.005220628234022584	0.005219628234021556	0.0052186282340223045	0.005211628234022214	0.005209628234021935	0.005196628234022782	0.005196628234022782	0.005196628234022782	0.005196628234022782	0.005196628234022782	0.005195628234021754	0.0051946282340225025	0.0051946282340225025	0.0051946282340225025	0.0051946282340225025	0.0051936282340214746	0.005192628234022223	0.005192643405385056

steps	0	5	10	15	20	25	30	35	40	45	50	55	60	65	70	75	80	85	90	95	100	105	110	115	120	125	130	135	140	145	150	155	160	165	170	175	180	185	190	195	200	205	210	215	220	225	230	235	240	245	250	255	260	265	270	275	280	285	290	295	300	305	310	315	320	325	330	335	340	345	350	355	360	365	370	375	380	385	390	395	400	405	410	415	420	425	430	435	440	445	450	455	460	465	470	475	480	485	490	495	500	505	510	515	520	525	530	535	540	545	550	555	560	565	570	575	580	585	590	595	600	605	610	615	620	625	630	635	640	645	650	655	660	663
energies	-13.336809	-14.231092	-14.421931	-14.49669	-14.506798	-14.509531	-14.510692	-14.512311	-14.514579	-14.51686	-14.518299	-14.519133	-14.520112	-14.520353	-14.520773	-14.521202	-14.521555	-14.521701	-14.521883	-14.522144	-14.522458	-14.522613	-14.522796	-14.522961	-14.523209	-14.523556	-14.523836	-14.524296	-14.524963	-14.525644	-14.526176	-14.526375	-14.526802	-14.527263	-14.527482	-14.527591	-14.527652	-14.527781	-14.527892	-14.528004	-14.528054	-14.528088	-14.528122	-14.528211	-14.528375	-14.528461	-14.528497	-14.528588	-14.528617	-14.528624	-14.528634	-14.528646	-14.528668	-14.52869	-14.528716	-14.528731	-14.528745	-14.528753	-14.528756	-14.52876	-14.528773	-14.528783	-14.528786	-14.528789	-14.528789	-14.528793	-14.528796	-14.528797	-14.528798	-14.528799	-14.528798	-14.528798	-14.528799	-14.528799	-14.528799	-14.528799	-14.5288	-14.528802	-14.528802	-14.528802	-14.528803	-14.528803	-14.528804	-14.528805	-14.528808	-14.528809	-14.52881	-14.528811	-14.528812	-14.528813	-14.528814	-14.528813	-14.528814	-14.528814	-14.528814	-14.528814	-14.528814	-14.528814	-14.528814	-14.528814	-14.528814	-14.528815	-14.528815	-14.528815	-14.528815	-14.528816	-14.528816	-14.528817	-14.528818	-14.528819	-14.528819	-14.528819	-14.52882	-14.52882	-14.528821	-14.528821	-14.528821	-14.528821	-14.528821	-14.528821	-14.528821	-14.528821	-14.528821	-14.528821	-14.528821	-14.528821	-14.528821	-14.528821	-14.528822	-14.528822	-14.528822	-14.528822	-14.528822	-14.52882184916021
errors	1.1981406282340217	0.30385762823402196	0.11301862823402153	0.03825962823402307	0.028151628234022397	0.025418628234021412	0.024257628234021666	0.02263862823402185	0.020370628234022803	0.018089628234022825	0.016650628234021525	0.01581662823402219	0.014837628234023015	0.014596628234022191	0.014176628234022104	0.013747628234021647	0.013394628234022932	0.013248628234022064	0.013066628234021493	0.012805628234021427	0.012491628234021945	0.012336628234022484	0.012153628234022662	0.011988628234021803	0.011740628234022665	0.011393628234023012	0.011113628234022954	0.010653628234022605	0.009986628234022632	0.009305628234022478	0.008773628234022723	0.008574628234022441	0.008147628234022264	0.007686628234022663	0.007467628234023138	0.007358628234023001	0.0072976282340224685	0.007168628234023089	0.007057628234022673	0.006945628234023005	0.006895628234023121	0.0068616282340219215	0.006827628234022498	0.006738628234021604	0.006574628234021773	0.006488628234022187	0.006452628234022484	0.006361628234023087	0.006332628234021698	0.0063256282340216075	0.006315628234021986	0.006303628234022085	0.006281628234022563	0.00625962823402304	0.006233628234022959	0.00621862823402175	0.00620462823402157	0.006196628234022228	0.006193628234022697	0.006189628234022138	0.006176628234022985	0.006166628234021587	0.006163628234022056	0.006160628234022525	0.006160628234022525	0.006156628234021966	0.006153628234022435	0.006152628234021407	0.006151628234022155	0.0061506282340229035	0.006151628234022155	0.006151628234022155	0.0061506282340229035	0.0061506282340229035	0.0061506282340229035	0.0061506282340229035	0.0061496282340218755	0.006147628234021596	0.006147628234021596	0.006147628234021596	0.006146628234022344	0.006146628234022344	0.006145628234023093	0.006144628234022065	0.006141628234022534	0.006140628234021506	0.006139628234022254	0.0061386282340230025	0.0061376282340219745	0.006136628234022723	0.006135628234021695	0.006136628234022723	0.006135628234021695	0.006135628234021695	0.006135628234021695	0.006135628234021695	0.006135628234021695	0.006135628234021695	0.006135628234021695	0.006135628234021695	0.006135628234021695	0.006134628234022443	0.006134628234022443	0.006134628234022443	0.006134628234022443	0.0061336282340214154	0.0061336282340214154	0.006132628234022164	0.006131628234022912	0.006130628234021884	0.006130628234021884	0.006130628234021884	0.006129628234022633	0.006129628234022633	0.006128628234021605	0.006128628234021605	0.006128628234021605	0.006128628234021605	0.006128628234021605	0.006128628234021605	0.006128628234021605	0.006128628234021605	0.006128628234021605	0.006128628234021605	0.006128628234021605	0.006128628234021605	0.006128628234021605	0.006128628234021605	0.006127628234022353	0.006127628234022353	0.006127628234022353	0.006127628234022353	0.006127628234022353	0.006127779073812789

steps	0	5	10	15	20	25	30	35	40	45	50	55	60	65	70	75	80	85	90	95	100	105	110	115	120	125	130	135	140	145	150	155	160	165	170	175	180	185	190	195	200	205	210	215	220	225	230	235	240	245	250	255	260	265	270	275	280	285	290	295	300	305	310	315	320	325	330	335	340	345	350	355	360	365	370	375	380	385	390	395	400	405	410	415	420	425	430	435	440	445	450	455	460	465	470	475	480	485	490	495	500	505	510	515	520	525	530	535	540	545	550	555	560	565	570	575	580	585	590	595	600	605	610	615	620	625	630	635	640	645	650	655	660	665	670	675	680	685	690	695	700	705	710	715	720	725	730	735	740	745	750	755	760	765	770	775	780	785	790	795	800	805	810	815	820	825	830	835	840	845	850	855	860	865	870	875	880	885	890	895	900	905	910	915	920	925	930	935	940	945	950	955	960	965	970	975	980	985	990	995	1000	1005	1010	1015	1020	1025	1030	1035	1040	1045	1050	1055	1060	1065	1070	1075	1080	1085	1090	1095	1100	1105	1110	1115	1120	1125	1130	1135	1140	1145	1150	1155	1160	1165	1170	1175	1180	1185	1190	1195	1200	1205	1210	1215	1220	1225	1230	1235	1240	1245	1250	1255	1260	1265	1270	1275	1280	1285	1290	1295	1300	1305	1310	1315	1320	1325	1330	1335	1340	1345	1350	1355	1360	1365	1370	1375	1380	1385	1390	1395	1400	1405	1410	1415	1420	1425	1430	1435	1440	1445	1450	1455	1460	1465	1470	1475	1480	1485	1490	1495	1500	1505	1510	1515	1520	1525	1530	1535	1540	1545	1550	1555	1560	1565	1570	1575	1580	1585	1590	1595	1600	1605	1610	1614
energies	-12.716318	-14.038633	-14.269838	-14.365241	-14.423698	-14.474606	-14.506573	-14.515442	-14.517679	-14.519439	-14.520377	-14.520767	-14.521274	-14.521705	-14.522122	-14.522632	-14.523093	-14.523316	-14.523475	-14.52372	-14.524034	-14.524543	-14.525359	-14.525948	-14.526332	-14.526718	-14.527104	-14.527347	-14.527443	-14.527547	-14.52762	-14.527703	-14.527736	-14.527752	-14.52776	-14.527765	-14.527773	-14.527782	-14.527791	-14.527799	-14.527809	-14.527857	-14.5279	-14.527922	-14.52794	-14.527956	-14.527992	-14.528075	-14.528222	-14.528349	-14.528594	-14.528798	-14.529003	-14.529096	-14.529164	-14.529298	-14.529375	-14.529427	-14.529457	-14.529485	-14.529524	-14.529545	-14.529566	-14.529595	-14.529613	-14.529618	-14.52962	-14.529622	-14.529624	-14.529625	-14.529628	-14.529631	-14.529631	-14.529632	-14.529634	-14.529636	-14.529638	-14.529639	-14.52964	-14.52964	-14.529642	-14.529644	-14.529645	-14.529647	-14.529653	-14.529662	-14.529675	-14.529681	-14.529688	-14.529697	-14.529704	-14.529706	-14.529712	-14.529721	-14.529728	-14.529731	-14.529735	-14.52974	-14.529746	-14.529748	-14.529753	-14.529761	-14.52977	-14.529787	-14.529805	-14.529817	-14.529822	-14.529828	-14.529839	-14.529849	-14.529856	-14.529858	-14.52986	-14.529866	-14.529884	-14.529926	-14.529958	-14.529977	-14.529991	-14.53001	-14.530024	-14.53003	-14.530038	-14.530043	-14.530044	-14.530046	-14.530047	-14.530047	-14.530047	-14.530048	-14.530048	-14.530049	-14.530049	-14.530049	-14.530049	-14.530049	-14.53005	-14.530052	-14.530054	-14.530056	-14.530059	-14.530061	-14.530062	-14.530065	-14.530069	-14.530072	-14.530075	-14.530076	-14.530078	-14.530082	-14.530089	-14.530095	-14.530098	-14.530099	-14.530101	-14.530101	-14.530103	-14.530104	-14.530105	-14.530106	-14.530108	-14.530112	-14.530112	-14.530113	-14.530113	-14.530116	-14.530119	-14.530123	-14.530124	-14.530126	-14.530127	-14.530127	-14.530127	-14.530128	-14.53013	-14.530135	-14.530138	-14.530139	-14.530139	-14.530139	-14.53014	-14.530142	-14.530148	-14.530154	-14.530159	-14.53016	-14.530162	-14.530167	-14.530182	-14.530218	-14.530314	-14.530527	-14.53092	-14.531609	-14.53208	-14.532364	-14.532545	-14.532747	-14.533037	-14.533259	-14.53339	-14.533532	-14.533651	-14.533707	-14.533749	-14.533766	-14.533791	-14.533818	-14.533835	-14.533848	-14.533862	-14.533882	-14.5339	-14.533907	-14.533914	-14.533919	-14.533921	-14.533924	-14.533929	-14.533935	-14.533938	-14.533943	-14.53395	-14.533952	-14.533955	-14.533957	-14.533958	-14.533959	-14.533959	-14.53396	-14.533963	-14.533967	-14.533968	-14.533972	-14.533982	-14.533992	-14.533995	-14.533997	-14.533999	-14.534	-14.534	-14.534	-14.534	-14.534001	-14.534002	-14.534008	-14.534011	-14.534013	-14.534014	-14.534015	-14.534017	-14.53402	-14.534022	-14.534025	-14.534028	-14.53403	-14.534032	-14.534033	-14.534034	-14.534035	-14.534036	-14.534036	-14.534036	-14.534036	-14.534036	-14.534037	-14.534037	-14.534037	-14.534037	-14.534038	-14.534038	-14.53404	-14.534042	-14.534042	-14.534042	-14.534042	-14.534042	-14.534043	-14.534044	-14.534045	-14.534046	-14.534046	-14.534046	-14.534046	-14.534046	-14.534046	-14.534046	-14.534046	-14.534046	-14.534047	-14.534047	-14.534047	-14.534047	-14.534047	-14.534047	-14.534047	-14.534047	-14.534047	-14.534048	-14.534049	-14.534049	-14.53405	-14.53405	-14.53405	-14.53405	-14.53405	-14.53405	-14.53405	-14.534051	-14.534051	-14.534052	-14.534052	-14.534052	-14.534052	-14.534052	-14.534052	-14.534052	-14.534052	-14.534052	-14.534052	-14.534052	-14.534052	-14.534052	-14.534052395405308
errors	1.818631628234023	0.49631662823402145	0.26511162823402223	0.169708628234023	0.11125162823402235	0.06034362823402262	0.02837662823402276	0.01950762823402208	0.017270628234022922	0.01551062823402205	0.014572628234022389	0.014182628234022943	0.013675628234022241	0.013244628234021505	0.012827628234022725	0.012317628234022493	0.011856628234022892	0.011633628234022808	0.011474628234022788	0.011229628234021405	0.010915628234021924	0.010406628234022719	0.009590628234022347	0.009001628234022618	0.008617628234022234	0.00823162823402157	0.007845628234022684	0.00760262823402158	0.007506628234022372	0.007402628234022046	0.007329628234021612	0.007246628234021557	0.007213628234021385	0.007197628234022702	0.007189628234021583	0.007184628234021773	0.007176628234022431	0.007167628234022061	0.007158628234021691	0.007150628234022349	0.007140628234022728	0.007092628234023124	0.007049628234021554	0.007027628234022032	0.007009628234023069	0.006993628234022609	0.006957628234022906	0.00687462823402285	0.006727628234022731	0.006600628234021855	0.006355628234022248	0.006151628234022155	0.0059466282340228105	0.005853628234023134	0.005785628234022511	0.005651628234021544	0.005574628234022327	0.005522628234022164	0.005492628234021524	0.005464628234022939	0.005425628234021929	0.005404628234021658	0.005383628234021387	0.005354628234021774	0.005336628234022811	0.005331628234023	0.005329628234022721	0.005327628234022441	0.005325628234022162	0.00532462823402291	0.0053216282340216026	0.005318628234022071	0.005318628234022071	0.00531762823402282	0.00531562823402254	0.005313628234022261	0.005311628234021981	0.0053106282340227295	0.005309628234021702	0.005309628234021702	0.005307628234021422	0.005305628234022919	0.005304628234021891	0.005302628234021611	0.005296628234022549	0.005287628234022179	0.005274628234023027	0.005268628234022188	0.005261628234022098	0.005252628234021728	0.005245628234021638	0.005243628234023134	0.005237628234022296	0.005228628234021926	0.005221628234021836	0.0052186282340223045	0.005214628234021745	0.005209628234021935	0.005203628234022872	0.005201628234022593	0.005196628234022782	0.005188628234021664	0.00517962823402307	0.005162628234021582	0.005144628234022619	0.005132628234022718	0.005127628234022907	0.005121628234022069	0.005110628234021419	0.005100628234021798	0.005093628234021708	0.005091628234021428	0.005089628234022925	0.005083628234022086	0.005065628234023123	0.005023628234022581	0.004991628234021661	0.00497262823402167	0.004958628234021489	0.004939628234021498	0.004925628234023094	0.004919628234022255	0.004911628234022913	0.004906628234023103	0.004905628234022075	0.004903628234021795	0.0049026282340225436	0.0049026282340225436	0.0049026282340225436	0.004901628234021516	0.004901628234021516	0.004900628234022264	0.004900628234022264	0.004900628234022264	0.004900628234022264	0.004900628234022264	0.004899628234023012	0.004897628234022733	0.004895628234022453	0.004893628234022174	0.004890628234022643	0.004888628234022363	0.004887628234023111	0.004884628234021804	0.004880628234023021	0.004877628234021714	0.0048746282340221825	0.004873628234022931	0.004871628234022651	0.004867628234022092	0.004860628234022002	0.00485462823402294	0.004851628234021632	0.0048506282340223805	0.004848628234022101	0.004848628234022101	0.004846628234021821	0.00484562823402257	0.004844628234021542	0.00484362823402229	0.004841628234022011	0.004837628234021452	0.004837628234021452	0.0048366282340222	0.0048366282340222	0.004833628234022669	0.004830628234023138	0.004826628234022579	0.004825628234021551	0.004823628234023047	0.0048226282340220195	0.0048226282340220195	0.0048226282340220195	0.004821628234022768	0.004819628234022488	0.004814628234022678	0.00481162823402137	0.0048106282340221185	0.0048106282340221185	0.0048106282340221185	0.004809628234022867	0.004807628234022587	0.004801628234021749	0.004795628234022686	0.004790628234022876	0.004789628234021848	0.004787628234021568	0.004782628234021757	0.004767628234022325	0.004731628234022622	0.004635628234021638	0.004422628234022952	0.004029628234022198	0.0033406282340227023	0.002869628234021704	0.002585628234022863	0.002404628234021544	0.0022026282340217307	0.0019126282340220513	0.001690628234022995	0.0015596282340215595	0.0014176282340230273	0.0012986282340214927	0.001242628234022547	0.0012006282340220054	0.0011836282340222937	0.0011586282340214638	0.0011316282340221306	0.001114628234022419	0.00110162823402149	0.0010876282340230858	0.0010676282340220666	0.0010496282340231033	0.001042628234023013	0.0010356282340229228	0.001030628234023112	0.0010286282340228325	0.001025628234021525	0.0010206282340217143	0.001014628234022652	0.0010116282340231209	0.0010066282340215338	0.0009996282340214435	0.0009976282340229403	0.0009946282340216328	0.0009926282340231296	0.0009916282340221017	0.00099062823402285	0.00099062823402285	0.000989628234021822	0.000986628234022291	0.0009826282340217318	0.0009816282340224802	0.0009776282340219211	0.0009676282340222997	0.0009576282340226783	0.0009546282340213708	0.0009526282340228676	0.000950628234022588	0.00094962823402156	0.00094962823402156	0.00094962823402156	0.00094962823402156	0.0009486282340223084	0.0009476282340230568	0.0009416282340222182	0.000938628234022687	0.0009366282340224075	0.0009356282340213795	0.0009346282340221279	0.0009326282340218484	0.0009296282340223172	0.0009276282340220376	0.0009246282340225065	0.0009216282340229753	0.0009196282340226958	0.0009176282340224162	0.0009166282340213883	0.0009156282340221367	0.0009146282340228851	0.0009136282340218571	0.0009136282340218571	0.0009136282340218571	0.0009136282340218571	0.0009136282340218571	0.0009126282340226055	0.0009126282340226055	0.0009126282340226055	0.0009126282340226055	0.0009116282340215776	0.0009116282340215776	0.0009096282340230744	0.0009076282340227948	0.0009076282340227948	0.0009076282340227948	0.0009076282340227948	0.0009076282340227948	0.0009066282340217668	0.0009056282340225152	0.0009046282340214873	0.0009036282340222357	0.0009036282340222357	0.0009036282340222357	0.0009036282340222357	0.0009036282340222357	0.0009036282340222357	0.0009036282340222357	0.0009036282340222357	0.0009036282340222357	0.0009026282340229841	0.0009026282340229841	0.0009026282340229841	0.0009026282340229841	0.0009026282340229841	0.0009026282340229841	0.0009026282340229841	0.0009026282340229841	0.0009026282340229841	0.0009016282340219561	0.0009006282340227045	0.0009006282340227045	0.0008996282340216766	0.0008996282340216766	0.0008996282340216766	0.0008996282340216766	0.0008996282340216766	0.0008996282340216766	0.0008996282340216766	0.000898628234022425	0.000898628234022425	0.000897628234021397	0.000897628234021397	0.000897628234021397	0.000897628234021397	0.000897628234021397	0.000897628234021397	0.000897628234021397	0.000897628234021397	0.000897628234021397	0.000897628234021397	0.000897628234021397	0.000897628234021397	0.000897628234021397	0.000897232828714678

steps	0	5	10	15	20	25	30	35	40	45	50	55	60	65	70	75	80	85	90	95	100	105	110	115	120	125	130	135	140	145	150	155	160	165	170	175	180	185	190	195	200	205	210	215	220	225	230	235	240	245	250	255	260	265	270	275	280	285	290	295	300	305	310	315	320	325	330	335	340	345	350	355	360	365	370	375	380	385	390	395	400	405	410	415	420	425	430	435	440	445	450	455	460	465	470	475	480	485	490	495	500	505	510	515	520	525	530	535	540	545	550	555	560	565	570	575	580	585	590	595	600	605	610	615	620	625	630	635	640	645	650	655	660	665	670	675	680	685	690	695	700	705	710	715	720	725	730	735	740	745	750	755	760	765	770	775	780	785	790	795	800	805	810	815	820	825	830	835	840	845	850	855	860	865	870	875	880	885	890	895	900	905	910	915	920	925	930	935	940	945	950	955	960	965	970	975	980	985	990	995	1000	1005	1010	1015	1020	1025	1030	1035	1040	1045	1050	1055	1060	1065	1070	1075	1080	1085	1090	1095	1100	1105	1110	1115	1120	1125	1130	1135	1140	1145	1150	1155	1160	1165	1170	1175	1180	1185	1190	1195	1200	1205	1210	1215	1220	1225	1230	1235	1240	1245	1250	1255	1260	1265	1270	1275	1280	1285	1290	1295	1300	1305	1310	1315	1320	1325	1330	1335	1340	1345	1350	1355	1360	1365	1370	1375	1380	1385	1390	1395	1400	1405	1410	1415	1420	1425	1430	1435	1440	1445	1450	1455	1460	1465	1470	1475	1480	1485	1490	1495	1500	1505	1510	1515	1520	1525	1530	1535	1540	1545	1550	1555	1560	1565	1570	1575	1580	1585	1590	1595	1600	1605	1610	1615	1620	1625	1630	1635	1640	1645	1650	1655	1660	1661
energies	-11.980108	-13.869166	-14.407783	-14.493319	-14.505041	-14.511172	-14.51386	-14.515175	-14.517319	-14.518553	-14.519879	-14.520592	-14.521933	-14.523088	-14.524363	-14.525169	-14.526047	-14.52686	-14.527547	-14.527978	-14.528514	-14.52903	-14.529377	-14.529765	-14.530033	-14.53028	-14.530503	-14.530705	-14.530969	-14.53125	-14.531419	-14.5315	-14.531603	-14.531721	-14.531815	-14.531871	-14.531925	-14.531987	-14.532081	-14.532208	-14.532295	-14.532378	-14.532466	-14.532523	-14.532595	-14.532656	-14.532717	-14.532763	-14.53279	-14.532819	-14.532848	-14.532868	-14.532886	-14.532903	-14.532925	-14.532961	-14.532991	-14.533035	-14.533074	-14.533114	-14.533178	-14.533226	-14.533248	-14.533257	-14.53327	-14.533278	-14.533284	-14.53329	-14.533296	-14.5333	-14.533305	-14.533309	-14.53331	-14.533311	-14.533312	-14.533313	-14.533315	-14.533316	-14.533318	-14.533319	-14.53332	-14.533322	-14.533323	-14.533325	-14.533329	-14.53333	-14.53333	-14.533331	-14.533331	-14.533332	-14.533333	-14.533334	-14.533334	-14.533336	-14.533338	-14.533339	-14.533339	-14.53334	-14.53334	-14.53334	-14.533341	-14.533341	-14.533342	-14.533345	-14.533346	-14.533346	-14.533347	-14.533347	-14.533347	-14.533347	-14.533348	-14.53335	-14.53335	-14.53335	-14.533351	-14.533352	-14.533353	-14.533353	-14.533354	-14.533354	-14.533356	-14.53336	-14.533365	-14.533368	-14.533374	-14.53338	-14.533386	-14.533399	-14.533419	-14.533436	-14.533442	-14.533451	-14.533466	-14.533483	-14.533494	-14.533508	-14.533515	-14.533524	-14.533539	-14.533563	-14.533585	-14.533606	-14.533622	-14.533638	-14.533648	-14.533659	-14.533668	-14.533679	-14.533693	-14.533703	-14.53371	-14.533712	-14.533715	-14.533717	-14.533718	-14.533719	-14.53372	-14.533721	-14.533722	-14.533726	-14.533732	-14.533733	-14.533734	-14.533736	-14.533737	-14.533737	-14.533738	-14.533739	-14.53374	-14.533742	-14.533744	-14.533744	-14.533745	-14.533745	-14.533746	-14.533746	-14.533746	-14.533747	-14.533748	-14.533748	-14.533748	-14.533749	-14.533749	-14.53375	-14.533752	-14.533753	-14.533754	-14.533754	-14.533755	-14.533756	-14.53376	-14.533767	-14.533774	-14.533781	-14.533792	-14.533808	-14.533818	-14.533831	-14.533845	-14.533859	-14.533875	-14.533891	-14.533902	-14.533916	-14.533927	-14.533936	-14.533942	-14.533951	-14.53396	-14.533964	-14.533966	-14.53397	-14.533974	-14.533977	-14.53398	-14.533983	-14.533985	-14.533986	-14.533988	-14.533991	-14.533994	-14.533996	-14.533999	-14.534001	-14.534004	-14.534009	-14.534015	-14.534018	-14.534022	-14.534025	-14.534026	-14.534028	-14.53403	-14.534032	-14.534034	-14.534037	-14.534038	-14.53404	-14.534041	-14.534044	-14.534053	-14.534069	-14.534079	-14.534083	-14.534086	-14.53409	-14.534099	-14.534105	-14.534107	-14.534109	-14.534111	-14.534115	-14.534121	-14.534127	-14.53413	-14.534132	-14.534133	-14.534133	-14.534135	-14.534139	-14.534143	-14.534144	-14.534145	-14.534145	-14.534146	-14.534148	-14.534151	-14.534152	-14.534154	-14.534157	-14.534158	-14.534159	-14.534159	-14.534159	-14.534159	-14.53416	-14.534161	-14.534164	-14.534166	-14.534168	-14.53417	-14.534172	-14.534173	-14.534173	-14.534173	-14.534174	-14.534175	-14.534175	-14.534175	-14.534175	-14.534175	-14.534175	-14.534176	-14.534177	-14.534178	-14.534178	-14.534178	-14.534178	-14.534178	-14.534179	-14.534179	-14.534179	-14.534179	-14.534179	-14.534179	-14.53418	-14.53418	-14.53418	-14.53418	-14.53418	-14.53418	-14.53418	-14.53418	-14.53418	-14.53418	-14.534181	-14.534181	-14.534181	-14.534181	-14.534181	-14.534181	-14.534181	-14.534181	-14.534181	-14.534181	-14.534181	-14.534181	-14.534181	-14.534181	-14.534181	-14.534181	-14.534181	-14.534181	-14.53418132546695
errors	2.5548416282340227	0.6657836282340224	0.12716662823402203	0.04163062823402264	0.02990862823402196	0.023777628234022075	0.02108962823402294	0.019774628234022984	0.017630628234021728	0.01639662823402155	0.01507062823402272	0.014357628234021647	0.01301662823402161	0.011861628234022703	0.01058662823402301	0.00978062823402226	0.008902628234022103	0.008089628234023039	0.007402628234022046	0.006971628234023086	0.006435628234022772	0.005919628234021701	0.005572628234022048	0.005184628234022881	0.004916628234022724	0.004669628234022838	0.004446628234022754	0.00424462823402294	0.003980628234021566	0.0036996282340222564	0.0035306282340226147	0.003449628234022839	0.0033466282340217646	0.0032286282340230343	0.0031346282340223297	0.0030786282340216076	0.0030246282340229413	0.0029626282340213805	0.0028686282340224523	0.002741628234021576	0.002654628234022738	0.0025716282340226826	0.0024836282340228166	0.002426628234022843	0.0023546282340216607	0.002293628234022904	0.0022326282340223713	0.002186628234023047	0.0021596282340219375	0.002130628234022325	0.002101628234022712	0.002081628234021693	0.0020636282340227297	0.002046628234023018	0.002024628234021719	0.0019886282340220163	0.0019586282340213756	0.0019146282340223308	0.0018756282340230968	0.0018356282340228347	0.0017716282340227707	0.0017236282340213904	0.001701628234021868	0.0016926282340214982	0.0016796282340223456	0.0016716282340230038	0.001665628234022165	0.0016596282340231028	0.0016536282340222641	0.001649628234021705	0.0016446282340218943	0.0016406282340231115	0.0016396282340220836	0.001638628234022832	0.001637628234021804	0.0016366282340225524	0.0016346282340222729	0.0016336282340230213	0.0016316282340227417	0.0016306282340217138	0.0016296282340224622	0.0016276282340221826	0.001626628234022931	0.0016246282340226514	0.0016206282340220923	0.0016196282340228407	0.0016196282340228407	0.0016186282340218128	0.0016186282340218128	0.0016176282340225612	0.0016166282340215332	0.0016156282340222816	0.0016156282340222816	0.001613628234022002	0.0016116282340217225	0.001610628234022471	0.001610628234022471	0.001609628234021443	0.001609628234021443	0.001609628234021443	0.0016086282340221914	0.0016086282340221914	0.0016076282340229398	0.0016046282340216322	0.0016036282340223806	0.0016036282340223806	0.001602628234023129	0.001602628234023129	0.001602628234023129	0.001602628234023129	0.001601628234022101	0.0015996282340218215	0.0015996282340218215	0.0015996282340218215	0.00159862823402257	0.001597628234021542	0.0015966282340222904	0.0015966282340222904	0.0015956282340230388	0.0015956282340230388	0.0015936282340227592	0.0015896282340222	0.0015846282340223894	0.0015816282340228582	0.0015756282340220196	0.0015696282340229573	0.0015636282340221186	0.001550628234022966	0.0015306282340219468	0.0015136282340222351	0.0015076282340213965	0.001498628234022803	0.0014836282340215945	0.0014666282340218828	0.0014556282340230098	0.0014416282340228292	0.001434628234022739	0.0014256282340223692	0.001410628234022937	0.001386628234023135	0.0013646282340218363	0.0013436282340215655	0.0013276282340228818	0.0013116282340224217	0.0013016282340228003	0.0012906282340221509	0.001281628234021781	0.001270628234022908	0.0012566282340227275	0.001246628234023106	0.0012396282340230158	0.0012376282340227363	0.0012346282340214287	0.0012326282340229255	0.0012316282340218976	0.001230628234022646	0.001229628234021618	0.0012286282340223664	0.0012276282340231148	0.0012236282340225557	0.001217628234021717	0.0012166282340224654	0.0012156282340214375	0.0012136282340229343	0.0012126282340219063	0.0012126282340219063	0.0012116282340226547	0.0012106282340216268	0.0012096282340223752	0.0012076282340220956	0.001205628234021816	0.001205628234021816	0.0012046282340225645	0.0012046282340225645	0.0012036282340215365	0.0012036282340215365	0.0012036282340215365	0.001202628234022285	0.0012016282340230333	0.0012016282340230333	0.0012016282340230333	0.0012006282340220054	0.0012006282340220054	0.0011996282340227538	0.0011976282340224742	0.0011966282340214462	0.0011956282340221946	0.0011956282340221946	0.001194628234022943	0.001193628234021915	0.0011896282340231323	0.001182628234023042	0.0011756282340229518	0.0011686282340228615	0.0011576282340222122	0.001141628234021752	0.0011316282340221306	0.001118628234022978	0.0011046282340227975	0.001090628234022617	0.001074628234022157	0.0010586282340216968	0.0010476282340228238	0.0010336282340226433	0.0010226282340219939	0.001013628234021624	0.0010076282340225617	0.000998628234022192	0.000989628234021822	0.0009856282340230393	0.0009836282340227598	0.0009796282340222007	0.0009756282340216416	0.0009726282340221104	0.0009696282340225792	0.0009666282340230481	0.0009646282340227685	0.0009636282340217406	0.000961628234021461	0.0009586282340219299	0.0009556282340223987	0.0009536282340221192	0.000950628234022588	0.0009486282340223084	0.0009456282340227773	0.0009406282340229666	0.0009346282340221279	0.0009316282340225968	0.0009276282340220376	0.0009246282340225065	0.0009236282340214785	0.0009216282340229753	0.0009196282340226958	0.0009176282340224162	0.0009156282340221367	0.0009126282340226055	0.0009116282340215776	0.0009096282340230744	0.0009086282340220464	0.0009056282340225152	0.0008966282340221454	0.0008806282340216853	0.0008706282340220639	0.0008666282340215048	0.0008636282340219736	0.0008596282340214145	0.0008506282340228211	0.0008446282340219824	0.0008426282340217028	0.0008406282340214233	0.0008386282340229201	0.000834628234022361	0.0008286282340215223	0.00082262823402246	0.0008196282340229288	0.0008176282340226493	0.0008166282340216213	0.0008166282340216213	0.0008146282340231181	0.000810628234022559	0.0008066282340219999	0.0008056282340227483	0.0008046282340217203	0.0008046282340217203	0.0008036282340224687	0.0008016282340221892	0.000798628234022658	0.0007976282340216301	0.0007956282340231269	0.0007926282340218194	0.0007916282340225678	0.0007906282340215398	0.0007906282340215398	0.0007906282340215398	0.0007906282340215398	0.0007896282340222882	0.0007886282340230366	0.0007856282340217291	0.0007836282340214495	0.0007816282340229463	0.0007796282340226668	0.0007776282340223872	0.0007766282340231356	0.0007766282340231356	0.0007766282340231356	0.0007756282340221077	0.0007746282340228561	0.0007746282340228561	0.0007746282340228561	0.0007746282340228561	0.0007746282340228561	0.0007746282340228561	0.0007736282340218281	0.0007726282340225765	0.0007716282340215486	0.0007716282340215486	0.0007716282340215486	0.0007716282340215486	0.0007716282340215486	0.000770628234022297	0.000770628234022297	0.000770628234022297	0.000770628234022297	0.000770628234022297	0.000770628234022297	0.0007696282340230454	0.0007696282340230454	0.0007696282340230454	0.0007696282340230454	0.0007696282340230454	0.0007696282340230454	0.0007696282340230454	0.0007696282340230454	0.0007696282340230454	0.0007696282340230454	0.0007686282340220174	0.0007686282340220174	0.0007686282340220174	0.0007686282340220174	0.0007686282340220174	0.0007686282340220174	0.0007686282340220174	0.0007686282340220174	0.0007686282340220174	0.0007686282340220174	0.0007686282340220174	0.0007686282340220174	0.0007686282340220174	0.0007686282340220174	0.0007686282340220174	0.0007686282340220174	0.0007686282340220174	0.0007686282340220174	0.0007683027670726261

steps	0	5	10	15	20	25	30	35	40	45	50	55	60	65	70	75	80	85	90	95	100	105	110	115	120	125	130	135	140	145	150	155	160	165	170	175	180	185	190	195	200	205	210	215	220	225	230	235	240	245	250	255	260	265	270	275	280	285	290	295	300	305	310	315	320	325	330	335	340	345	350	355	360	365	370	375	380	385	390	395	400	405	410	415	420	425	430	435	440	445	450	455	460	465	470	475	480	485	490	495	500	505	510	515	520	525	530	535	540	545	550	555	560	565	570	575	580	585	590	595	600	605	610	615	620	625	630	635	640	645	650	655	660	665	670	675	680	685	690	695	700	705	710	715	720	725	730	735	740	745	750	755	760	765	770	775	780	785	790	795	800	802
energies	-12.422481	-13.936961	-14.331819	-14.384531	-14.449259	-14.495149	-14.512393	-14.516474	-14.520655	-14.523775	-14.526628	-14.528778	-14.530245	-14.53088	-14.53163	-14.532027	-14.532336	-14.532577	-14.532846	-14.533048	-14.533208	-14.533374	-14.533473	-14.533564	-14.533614	-14.533646	-14.533665	-14.533688	-14.53372	-14.533773	-14.533816	-14.533838	-14.533856	-14.533881	-14.533908	-14.533929	-14.533951	-14.533967	-14.533992	-14.534009	-14.53402	-14.534031	-14.534035	-14.534044	-14.534055	-14.534065	-14.534069	-14.534072	-14.534083	-14.53409	-14.534093	-14.534096	-14.534098	-14.534103	-14.534106	-14.534107	-14.534109	-14.534111	-14.534115	-14.534117	-14.534119	-14.534124	-14.534125	-14.534126	-14.53413	-14.53413	-14.534131	-14.534134	-14.534138	-14.53414	-14.534141	-14.534143	-14.534147	-14.534149	-14.534151	-14.534154	-14.534155	-14.534156	-14.534157	-14.53416	-14.534161	-14.534161	-14.534162	-14.534163	-14.534164	-14.534164	-14.534164	-14.534164	-14.534165	-14.534165	-14.534165	-14.534165	-14.534166	-14.534167	-14.534167	-14.534167	-14.534167	-14.534168	-14.534169	-14.53417	-14.53417	-14.534171	-14.534171	-14.534171	-14.534172	-14.534172	-14.534172	-14.534172	-14.534172	-14.534173	-14.534173	-14.534173	-14.534173	-14.534173	-14.534174	-14.534174	-14.534174	-14.534174	-14.534175	-14.534175	-14.534175	-14.534176	-14.534176	-14.534176	-14.534176	-14.534176	-14.534176	-14.534176	-14.534177	-14.534177	-14.534177	-14.534178	-14.534178	-14.534178	-14.534178	-14.534178	-14.534178	-14.534179	-14.534179	-14.534179	-14.534179	-14.534179	-14.534179	-14.534179	-14.53418	-14.53418	-14.53418	-14.53418	-14.53418	-14.53418	-14.53418	-14.53418	-14.53418	-14.53418	-14.534181	-14.534181	-14.534181	-14.534181	-14.534181	-14.534181	-14.534181	-14.534180779643027
errors	2.112468628234023	0.5979886282340221	0.20313062823402284	0.1504186282340214	0.08569062823402263	0.03980062823402264	0.022556628234022824	0.018475628234021713	0.01429462823402261	0.01117462823402171	0.008321628234021716	0.006171628234021398	0.004704628234021513	0.00406962823402246	0.0033196282340224315	0.002922628234022895	0.002613628234021448	0.0023726282340224003	0.0021036282340229917	0.001901628234021402	0.00174162823402213	0.0015756282340220196	0.0014766282340215042	0.001385628234022107	0.0013356282340222236	0.0013036282340230798	0.0012846282340230886	0.0012616282340225382	0.001229628234021618	0.0011766282340222034	0.0011336282340224102	0.0011116282340228878	0.0010936282340221481	0.0010686282340230946	0.0010416282340219851	0.0010206282340217143	0.000998628234022192	0.0009826282340217318	0.0009576282340226783	0.0009406282340229666	0.0009296282340223172	0.0009186282340216678	0.0009146282340228851	0.0009056282340225152	0.0008946282340218659	0.0008846282340222444	0.0008806282340216853	0.0008776282340221542	0.0008666282340215048	0.0008596282340214145	0.0008566282340218834	0.0008536282340223522	0.0008516282340220727	0.000846628234022262	0.0008436282340227308	0.0008426282340217028	0.0008406282340214233	0.0008386282340229201	0.000834628234022361	0.0008326282340220814	0.0008306282340218019	0.0008256282340219911	0.0008246282340227395	0.0008236282340217116	0.0008196282340229288	0.0008196282340229288	0.0008186282340219009	0.0008156282340223697	0.0008116282340218106	0.0008096282340215311	0.0008086282340222795	0.0008066282340219999	0.0008026282340214408	0.0008006282340229376	0.000798628234022658	0.0007956282340231269	0.0007946282340220989	0.0007936282340228473	0.0007926282340218194	0.0007896282340222882	0.0007886282340230366	0.0007886282340230366	0.0007876282340220087	0.0007866282340227571	0.0007856282340217291	0.0007856282340217291	0.0007856282340217291	0.0007856282340217291	0.0007846282340224775	0.0007846282340224775	0.0007846282340224775	0.0007846282340224775	0.0007836282340214495	0.0007826282340221979	0.0007826282340221979	0.0007826282340221979	0.0007826282340221979	0.0007816282340229463	0.0007806282340219184	0.0007796282340226668	0.0007796282340226668	0.0007786282340216388	0.0007786282340216388	0.0007786282340216388	0.0007776282340223872	0.0007776282340223872	0.0007776282340223872	0.0007776282340223872	0.0007776282340223872	0.0007766282340231356	0.0007766282340231356	0.0007766282340231356	0.0007766282340231356	0.0007766282340231356	0.0007756282340221077	0.0007756282340221077	0.0007756282340221077	0.0007756282340221077	0.0007746282340228561	0.0007746282340228561	0.0007746282340228561	0.0007736282340218281	0.0007736282340218281	0.0007736282340218281	0.0007736282340218281	0.0007736282340218281	0.0007736282340218281	0.0007736282340218281	0.0007726282340225765	0.0007726282340225765	0.0007726282340225765	0.0007716282340215486	0.0007716282340215486	0.0007716282340215486	0.0007716282340215486	0.0007716282340215486	0.0007716282340215486	0.000770628234022297	0.000770628234022297	0.000770628234022297	0.000770628234022297	0.000770628234022297	0.000770628234022297	0.000770628234022297	0.0007696282340230454	0.0007696282340230454	0.0007696282340230454	0.0007696282340230454	0.0007696282340230454	0.0007696282340230454	0.0007696282340230454	0.0007696282340230454	0.0007696282340230454	0.0007696282340230454	0.0007686282340220174	0.0007686282340220174	0.0007686282340220174	0.0007686282340220174	0.0007686282340220174	0.0007686282340220174	0.0007686282340220174	0.0007688485909955745

steps	0	5	10	15	20	25	30	35	40	45	50	55	60	65	70	75	80	85	90	95	100	105	110	115	120	125	130	135	140	145	150	155	160	165	170	175	180	185	190	195	200	205	210	215	220	225	230	235	240	245	250	255	260	265	270	275	280	285	290	295	300	305	310	315	320	325	330	335	340	345	350	355	360	365	370	375	380	385	390	395	400	405	410	415	420	425	430	435	440	445	450	455	460	465	470	475	480	485	490	495	500	505	510	515	520	525	530	535	540	545	550	555	560	565	570	575	580	585	590	595	600	605	610	615	620	625	630	635	640	645	650	655	660	665	670	675	680	685	690	695	700	705	710	715	720	725	730	735	740	745	750	755	760	765	770	775	780	785	790	795	800	805	810	815	820	825	830	835	840	845	850	855	860	865	870	875	880	885	890	895	900	905	910	915	920	925	930	935	940	945	950	955	960	965	970	975	980	985	990	995	1000	1005	1010	1015	1020	1025	1030	1035	1040	1045	1050	1055	1060	1065	1070	1075	1080	1085	1090	1095	1100	1105	1110	1115	1120	1125	1130	1135	1140	1145	1150	1155	1160	1165	1170	1175	1180	1185	1190	1195	1200	1205	1210	1215	1220	1225	1230	1235	1240	1245	1250	1255	1260	1265	1270	1275	1280	1285	1290	1295	1300	1305	1310	1315	1320	1325	1330	1335	1340	1345	1350	1355	1360	1365	1370	1375	1380	1385	1390	1395	1400	1405	1410	1415	1420	1425	1430	1435	1440	1445	1450	1455	1460	1465	1470	1475	1480	1485	1490	1495	1500	1505	1510	1515	1520	1525	1530	1535	1540	1545	1550	1555	1560	1565	1570	1575	1580	1585	1590	1595	1600	1605	1610	1615	1620	1625	1630	1635	1640	1645	1650	1655	1660	1665	1670	1675	1680	1685	1690	1695	1700	1705	1710	1715	1720	1725	1730	1735	1740	1745	1750	1755	1760	1765	1770	1775	1780	1785	1790	1795	1800	1805	1810	1815	1820	1825	1830	1835	1840	1845	1850	1855	1860	1865	1870	1875	1880	1885	1890	1895	1900	1905	1910	1915	1920	1925	1930	1935	1940	1945	1950	1955	1960	1965	1970	1975	1980	1985	1990	1995	2000	2005	2010	2015	2020	2025	2030	2035	2040	2045	2050	2055	2060	2065	2070	2075	2080	2085	2090	2095	2100	2105	2110	2115	2120	2125	2130	2135	2140	2145	2150	2155	2160	2165	2170	2175	2180	2185	2190	2195	2200	2205	2210	2215	2220	2225	2230	2235	2240	2245	2250	2255	2260	2265	2270	2275	2280	2285	2290	2295	2300	2305	2310	2315	2320	2325	2330	2335	2340	2345	2350	2355	2360	2365	2370	2375	2380	2385	2390	2395	2400	2404
energies	-12.60058	-14.002669	-14.262127	-14.34095	-14.378378	-14.415776	-14.45155	-14.479066	-14.497318	-14.507705	-14.516656	-14.519879	-14.521611	-14.522718	-14.523374	-14.524203	-14.524973	-14.526249	-14.527186	-14.527809	-14.528322	-14.528788	-14.529017	-14.529411	-14.529868	-14.530137	-14.530332	-14.53048	-14.530546	-14.530607	-14.530695	-14.530738	-14.530804	-14.530889	-14.530937	-14.53101	-14.531093	-14.531176	-14.53128	-14.531411	-14.531516	-14.531638	-14.531775	-14.531862	-14.532026	-14.532133	-14.532285	-14.53239	-14.53247	-14.532558	-14.532638	-14.532708	-14.532776	-14.532827	-14.532869	-14.532937	-14.532978	-14.533029	-14.533083	-14.533124	-14.533172	-14.53321	-14.533236	-14.533259	-14.533275	-14.53329	-14.533306	-14.533329	-14.533349	-14.533374	-14.533393	-14.533402	-14.533415	-14.533428	-14.533439	-14.533446	-14.533455	-14.533462	-14.533468	-14.533473	-14.53348	-14.533484	-14.533488	-14.533491	-14.533498	-14.533503	-14.533506	-14.533511	-14.533514	-14.53352	-14.533526	-14.533533	-14.533537	-14.533542	-14.533552	-14.53356	-14.533563	-14.533568	-14.533575	-14.533584	-14.533599	-14.533604	-14.533609	-14.533614	-14.533619	-14.533628	-14.533635	-14.533639	-14.533641	-14.533644	-14.533648	-14.533651	-14.533657	-14.533665	-14.533669	-14.533677	-14.533683	-14.533688	-14.533692	-14.533695	-14.533698	-14.533705	-14.533711	-14.533719	-14.533724	-14.533727	-14.53373	-14.533735	-14.533742	-14.533748	-14.533752	-14.533756	-14.533759	-14.533761	-14.533763	-14.533766	-14.533768	-14.533773	-14.533779	-14.533783	-14.533785	-14.533785	-14.533786	-14.533786	-14.533787	-14.533789	-14.533793	-14.533795	-14.533796	-14.533796	-14.533796	-14.533798	-14.533803	-14.533814	-14.533825	-14.533829	-14.533834	-14.533838	-14.533841	-14.533847	-14.533851	-14.533855	-14.533863	-14.533878	-14.533893	-14.533903	-14.533908	-14.533911	-14.533912	-14.533914	-14.533915	-14.533916	-14.533918	-14.533921	-14.533923	-14.533926	-14.533929	-14.533932	-14.533936	-14.53394	-14.533945	-14.533947	-14.533951	-14.533953	-14.533954	-14.533955	-14.533959	-14.533966	-14.533974	-14.533982	-14.533988	-14.533994	-14.533998	-14.534002	-14.534004	-14.534007	-14.534011	-14.534015	-14.534019	-14.534024	-14.534034	-14.53404	-14.534044	-14.534048	-14.53405	-14.534052	-14.534054	-14.534056	-14.534056	-14.534057	-14.534058	-14.53406	-14.534061	-14.534063	-14.534065	-14.534068	-14.534069	-14.53407	-14.534071	-14.534074	-14.534076	-14.534076	-14.534077	-14.534079	-14.53408	-14.534082	-14.534083	-14.534084	-14.534084	-14.534085	-14.534086	-14.534087	-14.534088	-14.534089	-14.53409	-14.534091	-14.534092	-14.534093	-14.534093	-14.534093	-14.534093	-14.534093	-14.534093	-14.534093	-14.534094	-14.534095	-14.534096	-14.534096	-14.534096	-14.534096	-14.534097	-14.534097	-14.534097	-14.534099	-14.534101	-14.534103	-14.534105	-14.534107	-14.534108	-14.534109	-14.534111	-14.534112	-14.534112	-14.534113	-14.534115	-14.534116	-14.534117	-14.534118	-14.534118	-14.534119	-14.53412	-14.53412	-14.534121	-14.534121	-14.534122	-14.534123	-14.534123	-14.534124	-14.534125	-14.534125	-14.534126	-14.534127	-14.534127	-14.534128	-14.534129	-14.53413	-14.534131	-14.534132	-14.534133	-14.534135	-14.534137	-14.53414	-14.534143	-14.534145	-14.534147	-14.53415	-14.534152	-14.534154	-14.534155	-14.534156	-14.534157	-14.534158	-14.53416	-14.534161	-14.534162	-14.534163	-14.534163	-14.534164	-14.534164	-14.534165	-14.534165	-14.534166	-14.534166	-14.534166	-14.534166	-14.534166	-14.534166	-14.534166	-14.534166	-14.534166	-14.534167	-14.534167	-14.534167	-14.534167	-14.534167	-14.534167	-14.534167	-14.534167	-14.534167	-14.534168	-14.534168	-14.534168	-14.534168	-14.534168	-14.534168	-14.534168	-14.534168	-14.534168	-14.534168	-14.534168	-14.534169	-14.53417	-14.53417	-14.53417	-14.53417	-14.534171	-14.534171	-14.534172	-14.534172	-14.534172	-14.534173	-14.534173	-14.534173	-14.534173	-14.534173	-14.534173	-14.534173	-14.534173	-14.534174	-14.534174	-14.534174	-14.534174	-14.534174	-14.534174	-14.534174	-14.534174	-14.534174	-14.534174	-14.534174	-14.534175	-14.534175	-14.534175	-14.534175	-14.534175	-14.534175	-14.534175	-14.534175	-14.534175	-14.534175	-14.534175	-14.534176	-14.534176	-14.534176	-14.534176	-14.534176	-14.534176	-14.534176	-14.534176	-14.534176	-14.534176	-14.534177	-14.534177	-14.534177	-14.534177	-14.534177	-14.534177	-14.534177	-14.534177	-14.534177	-14.534177	-14.534177	-14.534177	-14.534177	-14.534177	-14.534177	-14.534177	-14.534177	-14.534177	-14.534177	-14.534177	-14.534178	-14.534178	-14.534178	-14.534178	-14.534178	-14.534178	-14.534179	-14.534179	-14.534179	-14.534179	-14.534179	-14.534179	-14.534179	-14.53418	-14.53418	-14.53418	-14.53418	-14.53418	-14.53418	-14.53418	-14.53418	-14.53418	-14.53418	-14.53418	-14.53418	-14.53418	-14.53418	-14.53418	-14.53418	-14.534181	-14.534181	-14.534181	-14.534181	-14.534181	-14.534181	-14.534181	-14.534181	-14.534181	-14.534181	-14.534181	-14.534181	-14.534181	-14.534181	-14.534181	-14.534181	-14.534181	-14.534181	-14.534181	-14.534181	-14.534181	-14.534181	-14.534181	-14.534181	-14.534181	-14.534181	-14.534181	-14.534181	-14.534181	-14.534181	-14.534181	-14.534181	-14.534181	-14.534181	-14.534181	-14.534181	-14.534181	-14.534181	-14.534181	-14.534181	-14.534181	-14.534181	-14.534181321164203
errors	1.9343696282340215	0.5322806282340231	0.2728226282340227	0.19399962823402284	0.1565716282340226	0.119173628234023	0.08339962823402303	0.05588362823402271	0.03763162823402233	0.027244628234022628	0.01829362823402292	0.01507062823402272	0.01333862823402221	0.012231628234022907	0.011575628234021806	0.010746628234022282	0.00997662823402301	0.00870062823402229	0.00776362823402188	0.007140628234022728	0.006627628234022964	0.0061616282340217765	0.00593262823402263	0.0055386282340226245	0.005081628234021807	0.004812628234022398	0.004617628234022675	0.004469628234021528	0.0044036282340229604	0.004342628234022428	0.004254628234022562	0.004211628234022768	0.004145628234022425	0.00406062823402209	0.004012628234022486	0.003939628234022052	0.003856628234021997	0.003773628234021942	0.0036696282340216158	0.0035386282340219566	0.003433628234022379	0.0033116282340230896	0.0031746282340225918	0.0030876282340219774	0.0029236282340221464	0.0028166282340222892	0.0026646282340223593	0.0025596282340227816	0.0024796282340222575	0.0023916282340223916	0.0023116282340218675	0.002241628234022741	0.002173628234022118	0.002122628234022983	0.0020806282340224413	0.0020126282340218182	0.0019716282340223046	0.0019206282340213932	0.001866628234022727	0.001825628234021437	0.001777628234021833	0.0017396282340218505	0.001713628234021769	0.001690628234022995	0.001674628234022535	0.0016596282340231028	0.0016436282340226427	0.0016206282340220923	0.0016006282340228495	0.0015756282340220196	0.0015566282340220283	0.0015476282340216585	0.001534628234022506	0.001521628234021577	0.001510628234022704	0.0015036282340226137	0.0014946282340222439	0.0014876282340221536	0.0014816282340230913	0.0014766282340215042	0.001469628234021414	0.0014656282340226312	0.001461628234022072	0.001458628234022541	0.0014516282340224507	0.00144662823402264	0.0014436282340231088	0.0014386282340215217	0.0014356282340219906	0.0014296282340229283	0.0014236282340220896	0.0014166282340219993	0.0014126282340214402	0.0014076282340216295	0.001397628234022008	0.0013896282340226662	0.001386628234023135	0.001381628234021548	0.0013746282340214577	0.0013656282340228643	0.0013506282340216558	0.001345628234021845	0.0013406282340220343	0.0013356282340222236	0.001330628234022413	0.001321628234022043	0.0013146282340219528	0.0013106282340213937	0.0013086282340228905	0.001305628234021583	0.0013016282340228003	0.0012986282340214927	0.0012926282340224304	0.0012846282340230886	0.0012806282340225295	0.0012726282340214112	0.001266628234022349	0.0012616282340225382	0.001257628234021979	0.001254628234022448	0.0012516282340229168	0.0012446282340228265	0.0012386282340219879	0.001230628234022646	0.0012256282340228353	0.0012226282340215278	0.0012196282340219966	0.001214628234022186	0.0012076282340220956	0.0012016282340230333	0.0011976282340224742	0.001193628234021915	0.001190628234022384	0.0011886282340221044	0.0011866282340218248	0.0011836282340222937	0.0011816282340220141	0.0011766282340222034	0.001170628234023141	0.001166628234022582	0.0011646282340223024	0.0011646282340223024	0.0011636282340230508	0.0011636282340230508	0.0011626282340220229	0.0011606282340217433	0.0011566282340229606	0.001154628234022681	0.001153628234021653	0.001153628234021653	0.001153628234021653	0.0011516282340213735	0.0011466282340215628	0.0011356282340226898	0.0011246282340220404	0.0011206282340214813	0.0011156282340216706	0.0011116282340228878	0.0011086282340215803	0.001102628234022518	0.0010986282340219589	0.0010946282340213997	0.0010866282340220579	0.0010716282340226257	0.0010566282340214173	0.0010466282340217958	0.0010416282340219851	0.001038628234022454	0.001037628234021426	0.0010356282340229228	0.0010346282340218949	0.0010336282340226433	0.0010316282340223637	0.0010286282340228325	0.001026628234022553	0.0010236282340230218	0.0010206282340217143	0.0010176282340221832	0.001013628234021624	0.0010096282340228413	0.0010046282340230306	0.001002628234022751	0.000998628234022192	0.0009966282340219124	0.0009956282340226608	0.0009946282340216328	0.00099062823402285	0.0009836282340227598	0.0009756282340216416	0.0009676282340222997	0.000961628234021461	0.0009556282340223987	0.0009516282340218396	0.0009476282340230568	0.0009456282340227773	0.0009426282340214698	0.000938628234022687	0.0009346282340221279	0.0009306282340215688	0.0009256282340217581	0.0009156282340221367	0.0009096282340230744	0.0009056282340225152	0.0009016282340219561	0.0008996282340216766	0.000897628234021397	0.0008956282340228938	0.0008936282340226143	0.0008936282340226143	0.0008926282340215863	0.0008916282340223347	0.0008896282340220552	0.0008886282340228036	0.000886628234022524	0.0008846282340222444	0.0008816282340227133	0.0008806282340216853	0.0008796282340224337	0.0008786282340214058	0.0008756282340218746	0.0008736282340215951	0.0008736282340215951	0.0008726282340223435	0.0008706282340220639	0.0008696282340228123	0.0008676282340225328	0.0008666282340215048	0.0008656282340222532	0.0008656282340222532	0.0008646282340230016	0.0008636282340219736	0.000862628234022722	0.0008616282340216941	0.0008606282340224425	0.0008596282340214145	0.0008586282340221629	0.0008576282340229113	0.0008566282340218834	0.0008566282340218834	0.0008566282340218834	0.0008566282340218834	0.0008566282340218834	0.0008566282340218834	0.0008566282340218834	0.0008556282340226318	0.0008546282340216038	0.0008536282340223522	0.0008536282340223522	0.0008536282340223522	0.0008536282340223522	0.0008526282340231006	0.0008526282340231006	0.0008526282340231006	0.0008506282340228211	0.0008486282340225415	0.000846628234022262	0.0008446282340219824	0.0008426282340217028	0.0008416282340224512	0.0008406282340214233	0.0008386282340229201	0.0008376282340218921	0.0008376282340218921	0.0008366282340226405	0.000834628234022361	0.0008336282340231094	0.0008326282340220814	0.0008316282340228298	0.0008316282340228298	0.0008306282340218019	0.0008296282340225503	0.0008296282340225503	0.0008286282340215223	0.0008286282340215223	0.0008276282340222707	0.0008266282340230191	0.0008266282340230191	0.0008256282340219911	0.0008246282340227395	0.0008246282340227395	0.0008236282340217116	0.00082262823402246	0.00082262823402246	0.000821628234021432	0.0008206282340221804	0.0008196282340229288	0.0008186282340219009	0.0008176282340226493	0.0008166282340216213	0.0008146282340231181	0.0008126282340228386	0.0008096282340215311	0.0008066282340219999	0.0008046282340217203	0.0008026282340214408	0.0007996282340219096	0.0007976282340216301	0.0007956282340231269	0.0007946282340220989	0.0007936282340228473	0.0007926282340218194	0.0007916282340225678	0.0007896282340222882	0.0007886282340230366	0.0007876282340220087	0.0007866282340227571	0.0007866282340227571	0.0007856282340217291	0.0007856282340217291	0.0007846282340224775	0.0007846282340224775	0.0007836282340214495	0.0007836282340214495	0.0007836282340214495	0.0007836282340214495	0.0007836282340214495	0.0007836282340214495	0.0007836282340214495	0.0007836282340214495	0.0007836282340214495	0.0007826282340221979	0.0007826282340221979	0.0007826282340221979	0.0007826282340221979	0.0007826282340221979	0.0007826282340221979	0.0007826282340221979	0.0007826282340221979	0.0007826282340221979	0.0007816282340229463	0.0007816282340229463	0.0007816282340229463	0.0007816282340229463	0.0007816282340229463	0.0007816282340229463	0.0007816282340229463	0.0007816282340229463	0.0007816282340229463	0.0007816282340229463	0.0007816282340229463	0.0007806282340219184	0.0007796282340226668	0.0007796282340226668	0.0007796282340226668	0.0007796282340226668	0.0007786282340216388	0.0007786282340216388	0.0007776282340223872	0.0007776282340223872	0.0007776282340223872	0.0007766282340231356	0.0007766282340231356	0.0007766282340231356	0.0007766282340231356	0.0007766282340231356	0.0007766282340231356	0.0007766282340231356	0.0007766282340231356	0.0007756282340221077	0.0007756282340221077	0.0007756282340221077	0.0007756282340221077	0.0007756282340221077	0.0007756282340221077	0.0007756282340221077	0.0007756282340221077	0.0007756282340221077	0.0007756282340221077	0.0007756282340221077	0.0007746282340228561	0.0007746282340228561	0.0007746282340228561	0.0007746282340228561	0.0007746282340228561	0.0007746282340228561	0.0007746282340228561	0.0007746282340228561	0.0007746282340228561	0.0007746282340228561	0.0007746282340228561	0.0007736282340218281	0.0007736282340218281	0.0007736282340218281	0.0007736282340218281	0.0007736282340218281	0.0007736282340218281	0.0007736282340218281	0.0007736282340218281	0.0007736282340218281	0.0007736282340218281	0.0007726282340225765	0.0007726282340225765	0.0007726282340225765	0.0007726282340225765	0.0007726282340225765	0.0007726282340225765	0.0007726282340225765	0.0007726282340225765	0.0007726282340225765	0.0007726282340225765	0.0007726282340225765	0.0007726282340225765	0.0007726282340225765	0.0007726282340225765	0.0007726282340225765	0.0007726282340225765	0.0007726282340225765	0.0007726282340225765	0.0007726282340225765	0.0007726282340225765	0.0007716282340215486	0.0007716282340215486	0.0007716282340215486	0.0007716282340215486	0.0007716282340215486	0.0007716282340215486	0.000770628234022297	0.000770628234022297	0.000770628234022297	0.000770628234022297	0.000770628234022297	0.000770628234022297	0.000770628234022297	0.0007696282340230454	0.0007696282340230454	0.0007696282340230454	0.0007696282340230454	0.0007696282340230454	0.0007696282340230454	0.0007696282340230454	0.0007696282340230454	0.0007696282340230454	0.0007696282340230454	0.0007696282340230454	0.0007696282340230454	0.0007696282340230454	0.0007696282340230454	0.0007696282340230454	0.0007696282340230454	0.0007686282340220174	0.0007686282340220174	0.0007686282340220174	0.0007686282340220174	0.0007686282340220174	0.0007686282340220174	0.0007686282340220174	0.0007686282340220174	0.0007686282340220174	0.0007686282340220174	0.0007686282340220174	0.0007686282340220174	0.0007686282340220174	0.0007686282340220174	0.0007686282340220174	0.0007686282340220174	0.0007686282340220174	0.0007686282340220174	0.0007686282340220174	0.0007686282340220174	0.0007686282340220174	0.0007686282340220174	0.0007686282340220174	0.0007686282340220174	0.0007686282340220174	0.0007686282340220174	0.0007686282340220174	0.0007686282340220174	0.0007686282340220174	0.0007686282340220174	0.0007686282340220174	0.0007686282340220174	0.0007686282340220174	0.0007686282340220174	0.0007686282340220174	0.0007686282340220174	0.0007686282340220174	0.0007686282340220174	0.0007686282340220174	0.0007686282340220174	0.0007686282340220174	0.0007686282340220174	0.0007683070698192296

steps	0	5	10	15	20	25	30	35	40	45	50	55	60	65	70	75	80	85	90	95	100	105	110	115	120	125	130	135	140	145	150	155	160	165	170	175	180	185	190	195	200	205	210	215	220	225	230	235	240	245	250	255	260	265	270	275	280	285	290	295	300	305	310	315	320	325	330	335	340	345	350	355	360	365	370	375	380	385	390	395	400	405	410	415	420	425	430	435	440	445	450	455	460	465	470	475	480	485	490	495	500	505	510	515	520	525	530	535	540	545	550	555	560	565	570	575	580	585	590	595	600	605	610	615	620	625	630	635	640	645	650	655	660	665	670	675	680	685	690	695	700	703
energies	-12.321116	-13.868219	-14.218221	-14.376327	-14.456903	-14.501147	-14.510216	-14.514	-14.517292	-14.519982	-14.522996	-14.525358	-14.527281	-14.528087	-14.529263	-14.530001	-14.530567	-14.531154	-14.531696	-14.532186	-14.532753	-14.532943	-14.533078	-14.533217	-14.533295	-14.533373	-14.533472	-14.533575	-14.533668	-14.533734	-14.533789	-14.533829	-14.533871	-14.533905	-14.533953	-14.534003	-14.534031	-14.53406	-14.534074	-14.534086	-14.534094	-14.5341	-14.534104	-14.534115	-14.534125	-14.534135	-14.534142	-14.534147	-14.534151	-14.534153	-14.534154	-14.534156	-14.534157	-14.534158	-14.534158	-14.534159	-14.53416	-14.534162	-14.534163	-14.534164	-14.534166	-14.534167	-14.534168	-14.534169	-14.53417	-14.534171	-14.534171	-14.534172	-14.534172	-14.534172	-14.534173	-14.534173	-14.534174	-14.534174	-14.534174	-14.534174	-14.534174	-14.534174	-14.534175	-14.534175	-14.534175	-14.534176	-14.534176	-14.534176	-14.534177	-14.534177	-14.534177	-14.534178	-14.534178	-14.534179	-14.534179	-14.534179	-14.53418	-14.53418	-14.53418	-14.53418	-14.53418	-14.53418	-14.53418	-14.53418	-14.53418	-14.53418	-14.53418	-14.53418	-14.53418	-14.53418	-14.53418	-14.53418	-14.53418	-14.53418	-14.53418	-14.534181	-14.534181	-14.534181	-14.534181	-14.534181	-14.534181	-14.534181	-14.534181	-14.534181	-14.534181	-14.534181	-14.534181	-14.534181	-14.534181	-14.534181	-14.534181	-14.534181	-14.534181	-14.534181	-14.534181	-14.534181	-14.534181	-14.534181	-14.534181	-14.534181	-14.534181	-14.534181	-14.534181	-14.534181	-14.534181	-14.53418128706537
errors	2.2138336282340223	0.6667306282340224	0.3167286282340225	0.1586226282340224	0.07804662823402175	0.03380262823402269	0.024733628234022476	0.02094962823402291	0.017657628234022837	0.014967628234021646	0.011953628234023128	0.009591628234021599	0.007668628234021924	0.006862628234022949	0.005686628234021995	0.004948628234021868	0.00438262823402269	0.003795628234021464	0.003253628234022088	0.0027636282340228746	0.0021966282340226684	0.002006628234022756	0.0018716282340225376	0.0017326282340217602	0.0016546282340215157	0.0015766282340230475	0.0014776282340225322	0.0013746282340214577	0.001281628234021781	0.0012156282340214375	0.0011606282340217433	0.0011206282340214813	0.001078628234022716	0.0010446282340215163	0.0009966282340219124	0.0009466282340220289	0.0009186282340216678	0.0008896282340220552	0.0008756282340218746	0.0008636282340219736	0.0008556282340226318	0.0008496282340217931	0.0008456282340230104	0.000834628234022361	0.0008246282340227395	0.0008146282340231181	0.0008076282340230279	0.0008026282340214408	0.000798628234022658	0.0007966282340223785	0.0007956282340231269	0.0007936282340228473	0.0007926282340218194	0.0007916282340225678	0.0007916282340225678	0.0007906282340215398	0.0007896282340222882	0.0007876282340220087	0.0007866282340227571	0.0007856282340217291	0.0007836282340214495	0.0007826282340221979	0.0007816282340229463	0.0007806282340219184	0.0007796282340226668	0.0007786282340216388	0.0007786282340216388	0.0007776282340223872	0.0007776282340223872	0.0007776282340223872	0.0007766282340231356	0.0007766282340231356	0.0007756282340221077	0.0007756282340221077	0.0007756282340221077	0.0007756282340221077	0.0007756282340221077	0.0007756282340221077	0.0007746282340228561	0.0007746282340228561	0.0007746282340228561	0.0007736282340218281	0.0007736282340218281	0.0007736282340218281	0.0007726282340225765	0.0007726282340225765	0.0007726282340225765	0.0007716282340215486	0.0007716282340215486	0.000770628234022297	0.000770628234022297	0.000770628234022297	0.0007696282340230454	0.0007696282340230454	0.0007696282340230454	0.0007696282340230454	0.0007696282340230454	0.0007696282340230454	0.0007696282340230454	0.0007696282340230454	0.0007696282340230454	0.0007696282340230454	0.0007696282340230454	0.0007696282340230454	0.0007696282340230454	0.0007696282340230454	0.0007696282340230454	0.0007696282340230454	0.0007696282340230454	0.0007696282340230454	0.0007696282340230454	0.0007686282340220174	0.0007686282340220174	0.0007686282340220174	0.0007686282340220174	0.0007686282340220174	0.0007686282340220174	0.0007686282340220174	0.0007686282340220174	0.0007686282340220174	0.0007686282340220174	0.0007686282340220174	0.0007686282340220174	0.0007686282340220174	0.0007686282340220174	0.0007686282340220174	0.0007686282340220174	0.0007686282340220174	0.0007686282340220174	0.0007686282340220174	0.0007686282340220174	0.0007686282340220174	0.0007686282340220174	0.0007686282340220174	0.0007686282340220174	0.0007686282340220174	0.0007686282340220174	0.0007686282340220174	0.0007686282340220174	0.0007686282340220174	0.0007686282340220174	0.0007683411686514319

