steps	0	5	10	15	20
energies	-450.377291	-453.649546	-454.386897	-454.579096	-454.57909571544076
errors	4.3614924164673425	1.0892374164673697	0.35188641646738006	0.15968741646736362	0.15968770102659846

steps	0	5	10	15	20	25	30	35	40	45	50	55	56
energies	-449.86706	-452.467862	-453.195482	-453.310927	-453.388406	-453.777339	-454.571419	-454.581712	-454.583825	-454.584032	-454.584295	-454.584302	-454.58430202780136
errors	4.8717234164673755	2.2709214164673313	1.5433014164673295	1.427856416467364	1.3503774164673814	0.9614444164673728	0.16736441646736466	0.15707141646737455	0.15495841646736608	0.1547514164673771	0.154488416467359	0.15448141646737668	0.15448138866599948

steps	0	5	10	15	20	25	30	35	40	45	50	55	60	65	70	75	80	85	90	95	100	105	110	115	120	125	130	135	140	145	150	155	160	165	170	175	180	185	186
energies	-449.872268	-453.816729	-454.765745	-455.066854	-455.131076	-455.135155	-455.135454	-455.135461	-455.135578	-455.136878	-455.137747	-455.138698	-455.144859	-455.150786	-455.152958	-455.153549	-455.153623	-455.15368	-455.153836	-455.15395	-455.154058	-455.154331	-455.154476	-455.154538	-455.154626	-455.154795	-455.154832	-455.154838	-455.154845	-455.154852	-455.154853	-455.154856	-455.154856	-455.154856	-455.154857	-455.154858	-455.154859	-455.154858	-455.1548584399981
errors	4.866515416467337	0.922054416467347	0.0269615835326249	0.32807058353262164	0.39229258353265095	0.3963715835326411	0.3966705835326252	0.39667758353266436	0.3967945835326532	0.3980945835326679	0.39896358353263395	0.3999145835326203	0.4060755835326404	0.412002583532626	0.414174583532656	0.4147655835326418	0.4148395835326255	0.41489658353265213	0.41505258353265617	0.41516658353265257	0.4152745835326641	0.41554758353265697	0.41569258353263194	0.41575458353264594	0.41584258353265113	0.41601158353262235	0.4160485835326426	0.4160545835326275	0.41606158353266665	0.416068583532649	0.41606958353264645	0.4160725835326389	0.4160725835326389	0.4160725835326389	0.41607358353263635	0.4160745835326338	0.4160755835326313	0.4160745835326338	0.416075023530766

steps	0	5	10	15	20	25	30	35	40	45	50	55	60	65	70	75	80	85	90	95	100	105	110	115	120	125	130	135	140	145	150	155	160	165	170	175	180	185	190	195	200	205	210	215	220	225	230	235	240	245	250	255	260	265	270	275	280	285	290	295	300	305	310	315	320	325	330	335	340	345	350	355	360	365	370	375	380	385	390	395	400	405	410	415	420	425	430	435	440	445	450	455	460	465	470	475	480	485	490	495	500	505	510	515	520	525	530	535	540	545	550	555	560	565	570	575	580	585	590	595	600	605	610	615	620	625	630	635	640	645	650	655	660	665	670	675	680	685	690	695	700	705	710	715	719
energies	-449.551575	-452.547986	-453.592483	-454.321368	-454.402977	-454.416369	-454.417379	-454.417564	-454.41811	-454.346731	-454.427476	-454.535197	-454.584341	-454.58578	-454.586084	-454.587588	-454.591927	-454.596577	-454.596834	-454.597576	-454.597602	-454.597585	-454.597616	-454.597613	-454.59758	-454.597622	-454.597727	-454.598024	-454.597769	-454.59781	-454.597876	-454.597938	-454.597909	-454.598039	-454.598705	-454.599613	-454.599593	-454.600243	-454.600275	-454.600324	-454.60023	-454.600254	-454.600212	-454.600189	-454.600271	-454.600338	-454.600316	-454.600313	-454.600353	-454.600397	-454.600452	-454.600451	-454.600415	-454.600413	-454.600432	-454.600449	-454.600491	-454.600748	-454.600905	-454.601192	-454.602439	-454.604344	-454.613248	-454.627213	-454.658996	-454.700318	-454.721408	-454.727521	-454.729236	-454.729681	-454.729901	-454.730032	-454.73004	-454.730046	-454.730073	-454.730149	-454.730172	-454.730173	-454.730173	-454.730174	-454.730174	-454.730175	-454.730175	-454.730176	-454.730177	-454.730178	-454.730179	-454.730179	-454.73018	-454.73018	-454.73018	-454.730181	-454.730184	-454.730188	-454.730194	-454.730194	-454.730198	-454.730201	-454.730203	-454.730223	-454.730277	-454.730454	-454.73076	-454.731306	-454.732195	-454.733463	-454.733819	-454.733825	-454.733824	-454.733826	-454.73383	-454.73383	-454.733831	-454.733834	-454.733848	-454.733876	-454.734013	-454.734127	-454.734267	-454.734522	-454.734872	-454.735329	-454.735657	-454.735935	-454.736156	-454.736335	-454.736487	-454.736636	-454.736829	-454.737114	-454.737247	-454.73733	-454.737498	-454.737618	-454.737866	-454.737952	-454.738062	-454.738158	-454.738194	-454.738196	-454.738196	-454.738196	-454.738196	-454.738196	-454.73819589576345
errors	5.187208416467342	2.190797416467376	1.1463004164673407	0.4174154164673496	0.3358064164673351	0.32241441646738167	0.3214044164673737	0.3212194164673292	0.3206734164673435	0.3920524164673793	0.3113074164673435	0.20358641646737397	0.15444241646736145	0.1530034164673566	0.15269941646732832	0.1511954164673739	0.14685641646735803	0.14220641646733156	0.14194941646735515	0.1412074164673527	0.1411814164673615	0.1411984164673754	0.14116741646734	0.14117041646733242	0.14120341646736279	0.14116141646735514	0.14105641646733602	0.1407594164673469	0.14101441646732837	0.14097341646737505	0.14090741646737115	0.14084541646735715	0.14087441646734078	0.14074441646732794	0.14007841646736097	0.1391704164673797	0.13919041646732921	0.1385404164673787	0.1385084164673458	0.13845941646735582	0.13855341646734587	0.13852941646734962	0.13857141646735727	0.13859441646735604	0.1385124164673357	0.13844541646733433	0.13846741646733562	0.13847041646732805	0.1384304164673722	0.1383864164673696	0.13833141646733793	0.1383324164673354	0.1383684164673582	0.13837041646735315	0.13835141646734428	0.13833441646733036	0.13829241646737955	0.1380354164673463	0.13787841646734478	0.13759141646733042	0.1363444164673524	0.13443941646733037	0.12553541646735766	0.11157041646737298	0.07978741646735443	0.03846541646737478	0.017375416467359628	0.01126241646733206	0.009547416467341918	0.009102416467328567	0.008882416467372423	0.008751416467362105	0.008743416467382303	0.008737416467340609	0.008710416467351934	0.008634416467373285	0.00861141646737451	0.008610416467377036	0.008610416467377036	0.00860941646737956	0.00860941646737956	0.008608416467382085	0.008608416467382085	0.00860741646738461	0.008606416467330291	0.008605416467332816	0.00860441646733534	0.00860441646733534	0.008603416467337865	0.008603416467337865	0.008603416467337865	0.00860241646734039	0.008599416467347964	0.008595416467358064	0.008589416467373212	0.008589416467373212	0.008585416467383311	0.008582416467334042	0.008580416467339091	0.008560416467332743	0.008506416467355393	0.008329416467347528	0.00802341646738114	0.007477416467338571	0.006588416467366187	0.005320416467384348	0.004964416467373667	0.004958416467331972	0.004959416467329447	0.004957416467334497	0.004953416467344596	0.004953416467344596	0.0049524164673471205	0.004949416467354695	0.004935416467333198	0.004907416467347048	0.004770416467351879	0.004656416467355484	0.00451641646736789	0.004261416467329582	0.0039114164673605956	0.0034544164673775413	0.0031264164673530104	0.002848416467372772	0.002627416467362309	0.0024484164673594933	0.0022964164673453524	0.0021474164673804808	0.001954416467356168	0.0016694164673367595	0.0015364164673314917	0.0014534164673705163	0.0012854164673399282	0.001165416467358682	0.0009174164673595442	0.0008314164673492996	0.0007214164673428058	0.0006254164673578089	0.0005894164673350133	0.0005874164673400628	0.0005874164673400628	0.0005874164673400628	0.0005874164673400628	0.0005874164673400628	0.0005875207039025554

steps	0	5	10	15	20	25	30	35	40	45	50	55	60	65	70	75	80	85	90	95	100	105	110	115	120	125	130	135	140	145	150	155	160	165	170	175	180	185	190	195	200	205	210	215	220	225	230	235	240	245	250	255	260	265	270	275	280	285	290	295	300	305	310	315	320	325	330	335	340	345	350	355	360	365	370	375	380	385	390	395	400	405	410	415	420	425	430	435	440	445	450	455	460	465	470	475
energies	-450.610998	-452.902278	-453.83074	-454.339668	-454.554722	-454.594941	-454.59789	-454.601431	-454.60288	-454.60543	-454.608829	-454.616101	-454.650687	-454.711194	-454.725633	-454.728054	-454.728281	-454.728671	-454.730044	-454.732671	-454.733789	-454.733975	-454.73406	-454.734182	-454.734316	-454.734479	-454.734725	-454.735571	-454.736135	-454.736282	-454.736587	-454.737199	-454.737662	-454.737742	-454.737767	-454.737884	-454.738093	-454.738141	-454.73819	-454.738257	-454.738358	-454.738335	-454.73829	-454.738316	-454.7385	-454.738491	-454.738489	-454.738491	-454.738497	-454.738509	-454.73854	-454.738585	-454.738581	-454.73856	-454.738556	-454.738552	-454.738542	-454.738527	-454.7385	-454.738492	-454.738494	-454.738501	-454.738509	-454.738509	-454.738508	-454.73851	-454.738513	-454.738513	-454.738515	-454.738521	-454.738524	-454.738531	-454.738546	-454.738553	-454.738557	-454.738563	-454.73857	-454.738575	-454.738575	-454.738573	-454.738573	-454.738572	-454.738574	-454.738577	-454.738577	-454.738578	-454.73858	-454.738585	-454.738585	-454.738583	-454.738584	-454.738586	-454.738584	-454.738583	-454.738582	-454.73858211555284
errors	4.127785416467361	1.8365054164673325	0.9080434164673648	0.39911541646733895	0.18406141646732976	0.14384241646735063	0.14089341646734965	0.1373524164673654	0.13590341646732895	0.13335341646734378	0.12995441646734207	0.12268241646734168	0.08809641646735145	0.02758941646737867	0.013150416467340165	0.010729416467370356	0.010502416467375042	0.010112416467336516	0.008739416467335559	0.00611241646737426	0.0049944164673547675	0.004808416467369625	0.004723416467356856	0.004601416467380659	0.004467416467377916	0.004304416467334704	0.004058416467330517	0.003212416467363255	0.0026484164673661326	0.002501416467339368	0.0021964164673704545	0.0015844164673808336	0.0011214164673560845	0.0010414164673306914	0.0010164164673369669	0.0008994164673481464	0.0006904164673642299	0.0006424164673717314	0.0005934164673817577	0.0005264164673803862	0.00042541646735116956	0.00044841646734994356	0.0004934164673500163	0.0004674164673588166	0.0002834164673686246	0.00029241646734590176	0.00029441646734085225	0.00029241646734590176	0.0002864164673610503	0.000274416467334504	0.00024341646735592803	0.00019841646735585527	0.00020241646734575625	0.00022341646734957976	0.00022741646733948073	0.0002314164673293817	0.00024141646736097755	0.0002564164673799496	0.0002834164673686246	0.0002914164673484265	0.00028941646735347604	0.00028241646737114934	0.000274416467334504	0.000274416467334504	0.0002754164673319792	0.00027341646733702873	0.000270416467344603	0.000270416467344603	0.0002684164673496525	0.00026241646736480106	0.00025941646737237534	0.0002524164673332052	0.00023741646737107658	0.00023041646733190646	0.0002264164673420055	0.00022041646735715403	0.00021341646737482733	0.0002084164673306077	0.0002084164673306077	0.0002104164673824016	0.0002104164673824016	0.00021141646737987685	0.00020941646732808294	0.00020641646733565722	0.00020641646733565722	0.00020541646733818197	0.0002034164673432315	0.00019841646735585527	0.00019841646735585527	0.00020041646735080576	0.00019941646735333052	0.00019741646735838003	0.00019941646735333052	0.00020041646735080576	0.000201416467348281	0.00020130091451164844

steps	0	5	10	15	20	25	30	35	40	45	50	55	60	65	70	75	80	85	90	95	100	105	110	115	120	125	130	135	140	145	150	155	160	165	170	175	180	185	190	195	200	205	210	215	220	225	230	235	240	245	250	255	260	265	270	275	280	285	290	295	300	305	310	315	320	325	330	335	340	345	350	355	360	365	370	375	380	385	390	395	400	405	410	415	420	425	430	435	440	445	450	455	460	465	470	475	480	485	490	495	500	505	510	515	520	525	530	535	540	545	550	555	560	565	570	575	580	585	590	595	600	605	610	615	620	625	630	635	640	645	650	655	660	665	670	675
energies	-450.65095	-453.134293	-453.713601	-453.996966	-454.165421	-454.239701	-454.346957	-454.54333	-454.589367	-454.597982	-454.606747	-454.623242	-454.667521	-454.712198	-454.725364	-454.726805	-454.727858	-454.729071	-454.729469	-454.729615	-454.729699	-454.729867	-454.7303	-454.730818	-454.731665	-454.732638	-454.733273	-454.734151	-454.734585	-454.73483	-454.734912	-454.735044	-454.735127	-454.735183	-454.735212	-454.73524	-454.73534	-454.735457	-454.735613	-454.735714	-454.735796	-454.7359	-454.73596	-454.735995	-454.736007	-454.736024	-454.736027	-454.73604	-454.736078	-454.736114	-454.736166	-454.736184	-454.7362	-454.736209	-454.736216	-454.736223	-454.736232	-454.736236	-454.73624	-454.736249	-454.736256	-454.736259	-454.736266	-454.736271	-454.736276	-454.73628	-454.736283	-454.736286	-454.73629	-454.736292	-454.736295	-454.736305	-454.736316	-454.736318	-454.736322	-454.736332	-454.736348	-454.73636	-454.736371	-454.736407	-454.736451	-454.736496	-454.736577	-454.736681	-454.736774	-454.736944	-454.737091	-454.737312	-454.737617	-454.737937	-454.738069	-454.738258	-454.738363	-454.738464	-454.738555	-454.738599	-454.738624	-454.738662	-454.738691	-454.738705	-454.738714	-454.738714	-454.738717	-454.73872	-454.738721	-454.738722	-454.738725	-454.738726	-454.738727	-454.738724	-454.738727	-454.738732	-454.738734	-454.738735	-454.738736	-454.73874	-454.738741	-454.738741	-454.738742	-454.738743	-454.738743	-454.738743	-454.738743	-454.738745	-454.738746	-454.738746	-454.738746	-454.738746	-454.738747	-454.738747	-454.738747	-454.738747	-454.738748	-454.73875	-454.73875	-454.73874994441945
errors	4.087833416467333	1.6044904164673426	1.0251824164673735	0.7418174164673701	0.5733624164673756	0.4990824164673313	0.3918264164673815	0.1954534164673305	0.1494164164673748	0.14080141646735456	0.13203641646737196	0.11554141646735161	0.07126241646733433	0.02658541646735557	0.013419416467343126	0.011978416467343322	0.010925416467330251	0.00971241646738008	0.009314416467361752	0.009168416467332463	0.009084416467374012	0.008916416467343424	0.00848341646735662	0.007965416467357045	0.007118416467335464	0.006145416467347786	0.005510416467359391	0.004632416467359235	0.004198416467374955	0.003953416467368243	0.003871416467347899	0.0037394164673401065	0.003656416467379131	0.003600416467349987	0.0035714164673663618	0.0035434164673802115	0.00344341646734847	0.0033264164673596497	0.003170416467355608	0.0030694164673832347	0.002987416467362891	0.002883416467341249	0.0028234164673790474	0.002788416467353727	0.002776416467384024	0.0027594164673701016	0.002756416467377676	0.0027434164673536543	0.0027054164673359082	0.002669416467369956	0.002617416467330713	0.002599416467376159	0.0025834164673597115	0.0025744164673824343	0.0025674164673432642	0.0025604164673609375	0.0025514164673836603	0.002547416467336916	0.002543416467347015	0.002534416467369738	0.0025274164673305677	0.002524416467338142	0.0025174164673558153	0.002512416467368439	0.002507416467381063	0.0025034164673343184	0.0025004164673418927	0.002497416467349467	0.002493416467359566	0.0024914164673646155	0.00248841646737219	0.002478416467340594	0.0024674164673683663	0.002465416467373416	0.002461416467383515	0.002451416467351919	0.0024354164673354717	0.0024234164673657688	0.0024124164673366977	0.0023764164673707455	0.002332416467368148	0.0022874164673680752	0.002206416467345207	0.002102416467380408	0.0020094164673309933	0.0018394164673622981	0.0016924164673355335	0.0014714164673819141	0.0011664164673561572	0.0008464164673682717	0.0007144164673604791	0.0005254164673829109	0.00042041646736379334	0.00031941646733457674	0.00022841646733695598	0.00018441646733435846	0.00015941646734063397	0.00012141646737973133	9.241646733926245e-05	7.841646737460906e-05	6.941646734048845e-05	6.941646734048845e-05	6.641646734806272e-05	6.3416467355637e-05	6.241646735816175e-05	6.141646736068651e-05	5.841646736826078e-05	5.741646737078554e-05	5.64164673733103e-05	5.9416467365736025e-05	5.64164673733103e-05	5.1416467329090665e-05	4.941646733414018e-05	4.841646733666494e-05	4.7416467339189694e-05	4.341646734928872e-05	4.241646735181348e-05	4.241646735181348e-05	4.141646735433824e-05	4.0416467356862995e-05	4.0416467356862995e-05	4.0416467356862995e-05	4.0416467356862995e-05	3.841646736191251e-05	3.741646736443727e-05	3.741646736443727e-05	3.741646736443727e-05	3.741646736443727e-05	3.6416467366962024e-05	3.6416467366962024e-05	3.6416467366962024e-05	3.6416467366962024e-05	3.541646736948678e-05	3.3416467374536296e-05	3.3416467374536296e-05	3.3472047903160274e-05

steps	0	5	10	15	20	25	30	35	40	45	50	55	60	65	70	75	80	85	90	95	100	105	110	115	120	125	130	135	140	145	150	155	160	165	170	175	180	185	190	195	200	205	210	215	220	225	230	235	240	245	250	255	260	265	270	275	280	285	290	295	300	305	310	315	320	325	330	335	340	345	350	355	360	365	370	375	380	385	390	395	400	405	410	415	420	425	430	435	440	445	450	455	460	465	469
energies	-450.774038	-452.962219	-453.858751	-454.134975	-454.398791	-454.540526	-454.572929	-454.593308	-454.596534	-454.598217	-454.599098	-454.599308	-454.599298	-454.599362	-454.59938	-454.598986	-454.59935	-454.599401	-454.599536	-454.599788	-454.600214	-454.60273	-454.606336	-454.612575	-454.626811	-454.647854	-454.676216	-454.708921	-454.722999	-454.728538	-454.731188	-454.733727	-454.734463	-454.735091	-454.735418	-454.735571	-454.735748	-454.735827	-454.735961	-454.736074	-454.736195	-454.736325	-454.736554	-454.73667	-454.736929	-454.737189	-454.737389	-454.737768	-454.73812	-454.738368	-454.738475	-454.738541	-454.738573	-454.738604	-454.738647	-454.738677	-454.738702	-454.738709	-454.738713	-454.738716	-454.738721	-454.738724	-454.738724	-454.738725	-454.738726	-454.73873	-454.73873	-454.738734	-454.738737	-454.738738	-454.738738	-454.738741	-454.738747	-454.738752	-454.738754	-454.738754	-454.738755	-454.738758	-454.738759	-454.73876	-454.73876	-454.738761	-454.738762	-454.738763	-454.738764	-454.738764	-454.738764	-454.738764	-454.738764	-454.738764	-454.738764	-454.738764	-454.738764	-454.738764	-454.73876399087726
errors	3.9647454164673377	1.7765644164673517	0.8800324164673725	0.6038084164673592	0.33999241646733935	0.1982574164673565	0.16585441646736854	0.14547541646737727	0.1422494164673367	0.14056641646737944	0.13968541646733001	0.13947541646734862	0.13948541646738022	0.13942141646737127	0.13940341646735988	0.13979741646733146	0.13943341646734098	0.13938241646735605	0.13924741646735583	0.1389954164673668	0.13856941646736232	0.13605341646734814	0.13244741646735747	0.1262084164673638	0.11197241646738121	0.09092941646736108	0.06256741646734554	0.02986241646738108	0.015784416467340634	0.010245416467341784	0.00759541646738171	0.005056416467368763	0.004320416467351151	0.0036924164673450832	0.003365416467374871	0.003212416467363255	0.0030354164673553896	0.002956416467384315	0.002822416467381572	0.0027094164673826526	0.0025884164673470877	0.0024584164673342457	0.002229416467343981	0.0021134164673526357	0.0018544164673812702	0.001594416467355586	0.0013944164673489468	0.0010154164673394916	0.0006634164673755549	0.00041541646737641713	0.00030841646736234907	0.0002424164673584528	0.0002104164673824016	0.00017941646734698224	0.00013641646734185997	0.00010641646736075927	8.141646736703478e-05	7.441646738470808e-05	7.04164673379637e-05	6.741646734553797e-05	6.241646735816175e-05	5.9416467365736025e-05	5.9416467365736025e-05	5.841646736826078e-05	5.741646737078554e-05	5.341646738088457e-05	5.341646738088457e-05	4.941646733414018e-05	4.641646734171445e-05	4.541646734423921e-05	4.541646734423921e-05	4.241646735181348e-05	3.6416467366962024e-05	3.141646737958581e-05	2.9416467384635325e-05	2.9416467384635325e-05	2.8416467330316664e-05	2.5416467337890936e-05	2.4416467340415693e-05	2.341646734294045e-05	2.341646734294045e-05	2.2416467345465207e-05	2.1416467347989965e-05	2.0416467350514722e-05	1.941646735303948e-05	1.941646735303948e-05	1.941646735303948e-05	1.941646735303948e-05	1.941646735303948e-05	1.941646735303948e-05	1.941646735303948e-05	1.941646735303948e-05	1.941646735303948e-05	1.941646735303948e-05	1.942559009648903e-05

steps	0	5	10	15	20	25	30	35	40	45	50	55	60	65	70	75	80	85	90	95	100	105	110	115	120	125	130	135	140	145	150	155	160	165	170	175	180	185	190	195	200	205	210	215	220	225	230	235	240	243
energies	-450.242795	-453.176178	-453.917646	-454.300745	-454.593885	-454.701815	-454.726188	-454.733045	-454.735033	-454.736264	-454.73662	-454.736792	-454.737169	-454.737393	-454.73751	-454.737616	-454.737692	-454.737855	-454.73804	-454.738103	-454.738208	-454.738448	-454.73862	-454.738634	-454.738645	-454.738659	-454.738672	-454.738683	-454.738713	-454.738728	-454.738732	-454.738738	-454.73874	-454.738741	-454.738745	-454.738745	-454.738745	-454.738748	-454.73875	-454.73875	-454.738752	-454.738757	-454.73876	-454.738762	-454.738763	-454.738764	-454.738764	-454.738764	-454.738764	-454.738763756131
errors	4.495988416467355	1.5626054164673633	0.8211374164673657	0.4380384164673501	0.14489841646735613	0.03696841646734583	0.012595416467377163	0.005738416467352181	0.0037504164673691776	0.0025194164673507657	0.0021634164673400846	0.001991416467376439	0.0016144164673619343	0.0013904164673590458	0.0012734164673702253	0.0011674164673536325	0.0010914164673749838	0.0009284164673317719	0.0007434164673441046	0.0006804164673326341	0.0005754164673703599	0.00033541646735102404	0.00016341646733053494	0.00014941646736588154	0.00013841646733681046	0.00012441646737215706	0.00011141646734813548	0.00010041646737590781	7.04164673379637e-05	5.5416467375835055e-05	5.1416467329090665e-05	4.541646734423921e-05	4.341646734928872e-05	4.241646735181348e-05	3.841646736191251e-05	3.841646736191251e-05	3.841646736191251e-05	3.541646736948678e-05	3.3416467374536296e-05	3.3416467374536296e-05	3.141646737958581e-05	2.6416467335366178e-05	2.341646734294045e-05	2.1416467347989965e-05	2.0416467350514722e-05	1.941646735303948e-05	1.941646735303948e-05	1.941646735303948e-05	1.941646735303948e-05	1.966033636335851e-05

steps	0	5	10	15	20	25	30	35	40	45	50	55	60	65	70	75	80	85	90	95	100	105	110	115	120	125	130	135	140	145	150	155	160	165	170	175	180	185	190	195	200	205	210	215	220	225	230	235	240	245	250	255	260	265	270	275	280	285	290	295	300	305	310	315	320	325	330	335	340	345	350	355	360	365	370	375	380	385	390	395	400	405	410	415	420	425	430	435	440	445	450	455	460	465	470	475	480	485	490	495	500	505	510	515	520	525	530	535	540	545	550	555	560	565	570	575	580	585	590	595	600	605	610	615	620	625	630	635	640	645	650	655	660	665	670	675	680	685	690	695	700	705	710	715	720	725	730	735	740	745	750	755	760	765	770	775	780	785	790	795	800	805	810	815	820	825	830	835	840	845	850	855	860	865	870	875	880	885	890	895	900	905	910	915	920	925	930	935	940	945	950	955	960	965	970	975	980	985	990	995	1000	1005	1010	1015	1020	1025	1030	1035	1040	1045	1050	1055	1060	1065	1070	1075	1080	1085	1090	1095	1100	1105	1110	1115	1120	1125	1130	1135	1140	1145	1150	1155	1160	1165	1170	1175	1180	1185	1190	1195	1200	1205	1210	1215	1220	1225	1230	1235	1240	1245	1250	1255	1260	1265	1270	1275	1280	1285	1290	1295	1300	1305	1310	1315	1320	1325	1330	1335	1340	1345	1350	1355	1360	1365	1370	1375	1380	1385	1390	1395	1400	1405	1410	1415	1420	1425	1430	1435	1440	1445	1450	1455	1460	1465	1470	1475	1480	1485	1490	1495	1500	1505	1510	1515	1520	1525	1530	1535	1540	1545	1550	1555	1560	1565	1570	1575	1580	1585	1590	1595	1600	1605	1606
energies	-450.362072	-453.18997	-453.82786	-454.2938	-454.47519	-454.549855	-454.575509	-454.589126	-454.595013	-454.597932	-454.599764	-454.602838	-454.608327	-454.617976	-454.636626	-454.662824	-454.687579	-454.709766	-454.719474	-454.72453	-454.727612	-454.729277	-454.730114	-454.73069	-454.730907	-454.731085	-454.731211	-454.731267	-454.731312	-454.731395	-454.731518	-454.731803	-454.732261	-454.732655	-454.73313	-454.733631	-454.734393	-454.735088	-454.735483	-454.735759	-454.735982	-454.736093	-454.736232	-454.736305	-454.736373	-454.736445	-454.736478	-454.73649	-454.7365	-454.736504	-454.73651	-454.736516	-454.736527	-454.736553	-454.736588	-454.736637	-454.736656	-454.736664	-454.736669	-454.736671	-454.736679	-454.736687	-454.736709	-454.736754	-454.736813	-454.736827	-454.736838	-454.736845	-454.736848	-454.736852	-454.736858	-454.736865	-454.736875	-454.736884	-454.736898	-454.736911	-454.73692	-454.736924	-454.73693	-454.736939	-454.73695	-454.736956	-454.736961	-454.736961	-454.736967	-454.73698	-454.736994	-454.737004	-454.737021	-454.737038	-454.737048	-454.737067	-454.7371	-454.737132	-454.737147	-454.737162	-454.737177	-454.737185	-454.737197	-454.737204	-454.73721	-454.73722	-454.73723	-454.737248	-454.73727	-454.737289	-454.73731	-454.737328	-454.73736	-454.737383	-454.737395	-454.737409	-454.737428	-454.737443	-454.737457	-454.737476	-454.737512	-454.737548	-454.737584	-454.737617	-454.737662	-454.737697	-454.737717	-454.737733	-454.737749	-454.737762	-454.737778	-454.737789	-454.737805	-454.737823	-454.73784	-454.737849	-454.737864	-454.737876	-454.737899	-454.737919	-454.73794	-454.737957	-454.737978	-454.738	-454.738013	-454.738016	-454.738022	-454.738028	-454.738038	-454.738052	-454.738062	-454.738075	-454.738095	-454.738108	-454.738123	-454.738127	-454.738141	-454.738155	-454.738177	-454.738203	-454.738246	-454.738278	-454.738287	-454.738294	-454.738308	-454.738333	-454.738364	-454.738386	-454.738406	-454.738429	-454.738449	-454.738469	-454.738491	-454.738504	-454.738515	-454.738523	-454.738531	-454.738541	-454.738555	-454.738563	-454.738572	-454.738575	-454.73858	-454.738582	-454.738585	-454.738588	-454.738593	-454.738598	-454.738608	-454.73862	-454.738632	-454.73865	-454.738657	-454.738661	-454.738666	-454.738671	-454.738676	-454.738685	-454.738687	-454.738687	-454.738688	-454.738689	-454.738691	-454.738691	-454.738691	-454.738692	-454.738693	-454.738693	-454.738694	-454.738695	-454.738695	-454.738695	-454.738696	-454.738696	-454.738697	-454.738698	-454.738698	-454.7387	-454.738701	-454.738703	-454.738703	-454.738703	-454.738704	-454.738704	-454.738704	-454.738705	-454.738706	-454.738707	-454.738707	-454.738707	-454.738707	-454.738708	-454.738708	-454.73871	-454.738711	-454.738711	-454.738711	-454.738712	-454.738712	-454.738712	-454.738713	-454.738713	-454.738713	-454.738713	-454.738713	-454.738713	-454.738713	-454.738714	-454.738714	-454.738714	-454.738715	-454.738715	-454.738716	-454.738718	-454.738721	-454.738723	-454.738725	-454.738726	-454.738727	-454.738728	-454.738728	-454.738728	-454.738729	-454.738729	-454.738729	-454.738729	-454.738729	-454.738729	-454.73873	-454.73873	-454.738732	-454.738733	-454.738734	-454.738735	-454.738738	-454.73874	-454.738742	-454.738744	-454.738745	-454.738747	-454.738748	-454.738749	-454.73875	-454.73875	-454.738751	-454.738751	-454.738751	-454.738751	-454.738751	-454.738751	-454.738751	-454.738751	-454.738751	-454.738752	-454.738752	-454.738752	-454.738752	-454.738752	-454.738752	-454.738752	-454.738752	-454.738752	-454.738752	-454.738753	-454.738753	-454.738753	-454.738753	-454.738753	-454.738753	-454.738753	-454.738753	-454.738753	-454.738753	-454.738753	-454.738753	-454.738753	-454.738753	-454.738753	-454.738753	-454.738753	-454.738753	-454.738753	-454.738753	-454.738753	-454.738753	-454.738753	-454.7387532847804
errors	4.376711416467344	1.5488134164673397	0.9109234164673694	0.44498341646738027	0.26359341646735857	0.1889284164673768	0.16327441646734542	0.14965741646733477	0.14377041646736188	0.140851416467342	0.13901941646736304	0.1359454164673366	0.13045641646738204	0.1208074164673576	0.10215741646737797	0.07595941646735582	0.05120441646732843	0.02901741646735445	0.01930941646736528	0.014253416467340685	0.011171416467334438	0.009506416467331746	0.008669416467341762	0.008093416467374936	0.007876416467354375	0.007698416467349034	0.007572416467382936	0.0075164164673537925	0.00747141646735372	0.007388416467335901	0.007265416467362229	0.00698041646734282	0.006522416467362291	0.006128416467333864	0.005653416467339412	0.00515241646735376	0.004390416467344949	0.003695416467337509	0.00330041646736845	0.003024416467383162	0.0028014164673777486	0.0026904164673737796	0.0025514164673836603	0.002478416467340594	0.002410416467341747	0.0023384164673529995	0.002305416467379473	0.0022934164673529267	0.0022834164673781743	0.00227941646733143	0.0022734164673465784	0.002267416467361727	0.002256416467332656	0.002230416467341456	0.0021954164673729792	0.0021464164673830055	0.0021274164673741325	0.002119416467337487	0.002114416467350111	0.0021124164673551604	0.0021044164673753585	0.002096416467338713	0.0020744164673374144	0.0020294164673373416	0.0019704164673726154	0.0019564164673511186	0.001945416467378891	0.0019384164673397208	0.0019354164673472951	0.0019314164673573941	0.0019254164673725427	0.0019184164673333726	0.0019084164673586201	0.001899416467381343	0.0018854164673598461	0.0018724164673358246	0.0018634164673585474	0.0018594164673686464	0.001853416467383795	0.0018444164673496743	0.0018334164673774467	0.0018274164673357518	0.0018224164673483756	0.0018224164673483756	0.0018164164673635241	0.0018034164673395026	0.0017894164673748492	0.0017794164673432533	0.0017624164673293308	0.0017454164673722516	0.0017354164673406558	0.0017164164673317828	0.0016834164673582563	0.0016514164673822052	0.001636416467363233	0.001621416467344261	0.0016064164673821324	0.001598416467345487	0.0015864164673757841	0.001579416467336614	0.0015734164673517625	0.0015634164673770101	0.0015534164673454143	0.0015354164673340165	0.0015134164673327177	0.0014944164673806881	0.0014734164673768646	0.0014554164673654668	0.0014234164673325722	0.0014004164673337982	0.0013884164673640953	0.0013744164673425985	0.0013554164673337254	0.0013404164673715968	0.0013264164673501	0.001307416467341227	0.0012714164673752748	0.0012354164673524792	0.0011994164673296837	0.0011664164673561572	0.0011214164673560845	0.0010864164673307641	0.0010664164673812593	0.001050416467364812	0.0010344164673483647	0.0010214164673811865	0.0010054164673647392	0.0009944164673356681	0.0009784164673760642	0.0009604164673646665	0.0009434164673507439	0.0009344164673734667	0.0009194164673544947	0.0009074164673279483	0.0008844164673291743	0.0008644164673796695	0.000843416467375846	0.0008264164673619234	0.0008054164673580999	0.0007834164673568011	0.0007704164673327796	0.0007674164673403538	0.0007614164673555024	0.0007554164673706509	0.0007454164673390551	0.0007314164673744017	0.0007214164673428058	0.0007084164673756277	0.0006884164673692794	0.0006754164673452578	0.0006604164673831292	0.0006564164673363848	0.0006424164673717314	0.0006284164673502346	0.0006064164673489358	0.0005804164673577361	0.0005374164673526138	0.0005054164673765627	0.000496416467342442	0.0004894164673601153	0.00047541646733861853	0.00045041646734489404	0.0004194164673663181	0.00039741646736501934	0.00037741646735867107	0.00035441646735989707	0.0003344164673535488	0.0003144164673472005	0.00029241646734590176	0.0002794164673787236	0.0002684164673496525	0.0002604164673698506	0.0002524164673332052	0.0002424164673584528	0.00022841646733695598	0.00022041646735715403	0.00021141646737987685	0.0002084164673306077	0.0002034164673432315	0.000201416467348281	0.00019841646735585527	0.00019541646736342955	0.00019041646737605333	0.0001854164673318337	0.00017541646735708127	0.00016341646733053494	0.00015141646736083203	0.00013341646734943424	0.00012641646736710754	0.00012241646737720657	0.00011741646733298694	0.00011241646734561073	0.00010741646735823451	9.841646738095733e-05	9.641646732916342e-05	9.641646732916342e-05	9.541646733168818e-05	9.441646733421294e-05	9.241646733926245e-05	9.241646733926245e-05	9.241646733926245e-05	9.141646734178721e-05	9.041646734431197e-05	9.041646734431197e-05	8.941646734683673e-05	8.841646734936148e-05	8.841646734936148e-05	8.841646734936148e-05	8.741646735188624e-05	8.741646735188624e-05	8.6416467354411e-05	8.541646735693575e-05	8.541646735693575e-05	8.341646736198527e-05	8.241646736451003e-05	8.041646736955954e-05	8.041646736955954e-05	8.041646736955954e-05	7.94164673720843e-05	7.94164673720843e-05	7.94164673720843e-05	7.841646737460906e-05	7.741646737713381e-05	7.641646737965857e-05	7.641646737965857e-05	7.641646737965857e-05	7.641646737965857e-05	7.541646738218333e-05	7.541646738218333e-05	7.341646733038942e-05	7.241646733291418e-05	7.241646733291418e-05	7.241646733291418e-05	7.141646733543894e-05	7.141646733543894e-05	7.141646733543894e-05	7.04164673379637e-05	7.04164673379637e-05	7.04164673379637e-05	7.04164673379637e-05	7.04164673379637e-05	7.04164673379637e-05	7.04164673379637e-05	6.941646734048845e-05	6.941646734048845e-05	6.941646734048845e-05	6.841646734301321e-05	6.841646734301321e-05	6.741646734553797e-05	6.541646735058748e-05	6.241646735816175e-05	6.041646736321127e-05	5.841646736826078e-05	5.741646737078554e-05	5.64164673733103e-05	5.5416467375835055e-05	5.5416467375835055e-05	5.5416467375835055e-05	5.441646737835981e-05	5.441646737835981e-05	5.441646737835981e-05	5.441646737835981e-05	5.441646737835981e-05	5.441646737835981e-05	5.341646738088457e-05	5.341646738088457e-05	5.1416467329090665e-05	5.041646733161542e-05	4.941646733414018e-05	4.841646733666494e-05	4.541646734423921e-05	4.341646734928872e-05	4.141646735433824e-05	3.941646735938775e-05	3.841646736191251e-05	3.6416467366962024e-05	3.541646736948678e-05	3.441646737201154e-05	3.3416467374536296e-05	3.3416467374536296e-05	3.2416467377061053e-05	3.2416467377061053e-05	3.2416467377061053e-05	3.2416467377061053e-05	3.2416467377061053e-05	3.2416467377061053e-05	3.2416467377061053e-05	3.2416467377061053e-05	3.2416467377061053e-05	3.141646737958581e-05	3.141646737958581e-05	3.141646737958581e-05	3.141646737958581e-05	3.141646737958581e-05	3.141646737958581e-05	3.141646737958581e-05	3.141646737958581e-05	3.141646737958581e-05	3.141646737958581e-05	3.0416467382110568e-05	3.0416467382110568e-05	3.0416467382110568e-05	3.0416467382110568e-05	3.0416467382110568e-05	3.0416467382110568e-05	3.0416467382110568e-05	3.0416467382110568e-05	3.0416467382110568e-05	3.0416467382110568e-05	3.0416467382110568e-05	3.0416467382110568e-05	3.0416467382110568e-05	3.0416467382110568e-05	3.0416467382110568e-05	3.0416467382110568e-05	3.0416467382110568e-05	3.0416467382110568e-05	3.0416467382110568e-05	3.0416467382110568e-05	3.0416467382110568e-05	3.0416467382110568e-05	3.0416467382110568e-05	3.0131686969525617e-05

steps	0	5	10	15	20	25	30	35	40	45	50	55	60	65	70	75	80	85	90	95	100	105	110	115	120	125	130	135	140	145	150	155	160	165	170	175	180	185	190	195	200	205	210	215	220	225	230	235	240	245	250	255	260	265	270	275	280	285	290	295	300	305	310	315	320	325	330	335	340	345	350	355	360	365	370	375	380	385	390	395	400	405	410	415	420	425	430	435	440	445	450	455	460	465	470	475	480	485	490	495	500	505	510	515	520	525	530	535	540	545	550	555	560	565	570	575	580	585	590	595	600	605	610	615	620	625	630	635	640	645	650	655	660	665	670	675	680	685	690	695	700	705	710	715	720	725	730	735	740	745	750	755	760	765	770	775	780	785	790	795	800	805	810	815	820	825	830	835	840	845	850	855	860	865	870	875	880	885	890	895	900	905	910	915	920	925	930	935	940	945	950	955	960	965	970	975	980	985	990	995	1000	1005	1010	1015	1020	1025	1030	1035	1040	1045	1050	1055	1060	1065	1070	1075	1080	1085	1090	1095	1100	1105	1110	1115	1120	1125	1130	1135	1140	1145	1150	1155	1160	1165	1170	1175	1180	1185	1190	1195	1200	1205	1210	1215	1220	1225	1230	1235	1240	1245	1250	1255	1260	1265	1270	1275	1280	1285	1290	1295	1300
energies	-450.647485	-452.816826	-453.661495	-453.985301	-454.154633	-454.299182	-454.383957	-454.44071	-454.486014	-454.518938	-454.541336	-454.567414	-454.588438	-454.60552	-454.620371	-454.630783	-454.643996	-454.653868	-454.660121	-454.664511	-454.670183	-454.675738	-454.680376	-454.68471	-454.689791	-454.69635	-454.704058	-454.708895	-454.713051	-454.715128	-454.717153	-454.718802	-454.720508	-454.722145	-454.723746	-454.725222	-454.726625	-454.727907	-454.728879	-454.729475	-454.730048	-454.730672	-454.731355	-454.732011	-454.732536	-454.73303	-454.733416	-454.733817	-454.734239	-454.734568	-454.73485	-454.735189	-454.735446	-454.735716	-454.735967	-454.736159	-454.736373	-454.736537	-454.73668	-454.736781	-454.736884	-454.737004	-454.737121	-454.737196	-454.737254	-454.73733	-454.737396	-454.737451	-454.737508	-454.73756	-454.737597	-454.737625	-454.737647	-454.737668	-454.737683	-454.737699	-454.737714	-454.737729	-454.737745	-454.73776	-454.737784	-454.737805	-454.73783	-454.737862	-454.737878	-454.737897	-454.737923	-454.737956	-454.737989	-454.738004	-454.738011	-454.738027	-454.738041	-454.738055	-454.738073	-454.738083	-454.738091	-454.738101	-454.738107	-454.738111	-454.738113	-454.73812	-454.738124	-454.738127	-454.738133	-454.738137	-454.73814	-454.738143	-454.738146	-454.73815	-454.738155	-454.738158	-454.73816	-454.738162	-454.738165	-454.738168	-454.738172	-454.738181	-454.738188	-454.738191	-454.738192	-454.738194	-454.738195	-454.738196	-454.738196	-454.738198	-454.738201	-454.738203	-454.738204	-454.738204	-454.738205	-454.738207	-454.738209	-454.73821	-454.738212	-454.738216	-454.738222	-454.738225	-454.738227	-454.738228	-454.738228	-454.73823	-454.738233	-454.738235	-454.738238	-454.738239	-454.73824	-454.738241	-454.738243	-454.738245	-454.738247	-454.73825	-454.738253	-454.738264	-454.738278	-454.738284	-454.738287	-454.738288	-454.73829	-454.738292	-454.738294	-454.738295	-454.738296	-454.738296	-454.738297	-454.738299	-454.738301	-454.738303	-454.738306	-454.738309	-454.738314	-454.738322	-454.73834	-454.738355	-454.738364	-454.738369	-454.738375	-454.738382	-454.73839	-454.738396	-454.738404	-454.73841	-454.738417	-454.738425	-454.738436	-454.738448	-454.738451	-454.738455	-454.738464	-454.738478	-454.738486	-454.73849	-454.738491	-454.738493	-454.738494	-454.738494	-454.738494	-454.738494	-454.738494	-454.738495	-454.738495	-454.738496	-454.738496	-454.738496	-454.738496	-454.738496	-454.738496	-454.738496	-454.738496	-454.738496	-454.738496	-454.738496	-454.738497	-454.738497	-454.738497	-454.738499	-454.7385	-454.738501	-454.738503	-454.738505	-454.738508	-454.738512	-454.738515	-454.738517	-454.738521	-454.738526	-454.738533	-454.738539	-454.738544	-454.738546	-454.738547	-454.738548	-454.738549	-454.73855	-454.73855	-454.73855	-454.73855	-454.73855	-454.73855	-454.73855	-454.738551	-454.738551	-454.738551	-454.738551	-454.738551	-454.738551	-454.738551	-454.738551	-454.738551	-454.738552	-454.738553	-454.738555	-454.738555	-454.738556	-454.738556	-454.738557	-454.738557	-454.738557	-454.738557	-454.738557	-454.7385572258694
errors	4.091298416467339	1.9219574164673645	1.0772884164673542	0.7534824164673637	0.5841504164673665	0.43960141646738293	0.3548264164673469	0.2980734164673322	0.25276941646734485	0.21984541646736488	0.1974474164673552	0.17136941646737114	0.15034541646735988	0.13326341646734363	0.11841241646737899	0.10800041646734826	0.09478741646734079	0.08491541646736778	0.07866241646735261	0.07427241646735183	0.06860041646734771	0.06304541646733242	0.058407416467332496	0.05407341646736086	0.04899241646734254	0.042433416467360985	0.034725416467381365	0.02988841646737228	0.02573241646734914	0.023655416467363466	0.021630416467360192	0.019981416467373947	0.018275416467361083	0.01663841646734454	0.015037416467350795	0.013561416467382514	0.012158416467343613	0.010876416467340277	0.009904416467350075	0.009308416467376901	0.008735416467345658	0.00811141646732949	0.0074284164673485975	0.006772416467356379	0.006247416467374478	0.005753416467371153	0.005367416467379371	0.004966416467368617	0.00454441646735404	0.004215416467332034	0.003933416467361894	0.0035944164673651358	0.0033374164673318774	0.003067416467331441	0.0028164164673398773	0.0026244164673698833	0.002410416467341747	0.0022464164673579035	0.0021034164673778832	0.0020024164673486666	0.001899416467381343	0.0017794164673432533	0.0016624164673544328	0.0015874164673732594	0.001529416467349165	0.0014534164673705163	0.00138741646736662	0.0013324164673349514	0.0012754164673651758	0.0012234164673827763	0.0011864164673625055	0.0011584164673763553	0.0011364164673750565	0.001115416467371233	0.001100416467352261	0.0010844164673358136	0.001069416467373685	0.001054416467354713	0.0010384164673382656	0.001023416467376137	0.0009994164673798878	0.0009784164673760642	0.0009534164673823398	0.0009214164673494452	0.0009054164673329979	0.0008864164673809682	0.0008604164673329251	0.0008274164673593987	0.0007944164673290288	0.0007794164673669002	0.0007724164673845735	0.0007564164673681262	0.0007424164673466294	0.000728416467381976	0.0007104164673705782	0.0007004164673389823	0.0006924164673591804	0.000682416467384428	0.0006764164673427331	0.0006724164673528321	0.0006704164673578816	0.0006634164673755549	0.0006594164673288105	0.0006564164673363848	0.0006504164673515334	0.0006464164673616324	0.0006434164673692067	0.0006404164673767809	0.0006374164673843552	0.0006334164673376108	0.0006284164673502346	0.0006254164673578089	0.0006234164673628584	0.0006214164673679079	0.0006184164673754822	0.0006154164673830564	0.000611416467336312	0.0006024164673590349	0.0005954164673767082	0.0005924164673842824	0.0005914164673299638	0.0005894164673350133	0.000588416467337538	0.0005874164673400628	0.0005874164673400628	0.0005854164673451123	0.0005824164673526866	0.0005804164673577361	0.0005794164673602609	0.0005794164673602609	0.0005784164673627856	0.0005764164673678351	0.0005744164673728847	0.0005734164673754094	0.0005714164673804589	0.0005674164673337145	0.0005614164673488631	0.0005584164673564374	0.0005564164673614869	0.0005554164673640116	0.0005554164673640116	0.0005534164673690611	0.0005504164673766354	0.0005484164673816849	0.0005454164673324158	0.0005444164673349405	0.0005434164673374653	0.00054241646733999	0.0005404164673450396	0.0005384164673500891	0.0005364164673551386	0.0005334164673627129	0.0005304164673702871	0.000519416467341216	0.0005054164673765627	0.0004994164673348678	0.000496416467342442	0.0004954164673449668	0.0004934164673500163	0.0004914164673550658	0.0004894164673601153	0.0004884164673626401	0.00048741646736516486	0.00048741646736516486	0.0004864164673676896	0.00048441646737273913	0.00048241646737778865	0.00048041646738283816	0.000477416467333569	0.0004744164673411433	0.0004694164673537671	0.00046141646737396513	0.00044341646736256735	0.0004284164673435953	0.0004194164673663181	0.0004144164673789419	0.000408416467337247	0.0004014164673549203	0.00039341646737511837	0.0003874164673334235	0.00037941646735362156	0.0003734164673687701	0.0003664164673296	0.00035841646734979804	0.00034741646737757037	0.00033541646735102404	0.0003324164673585983	0.00032841646736869734	0.00031941646733457674	0.00030541646736992334	0.000297416467333278	0.000293416467343377	0.00029241646734590176	0.0002904164673509513	0.00028941646735347604	0.00028941646735347604	0.00028941646735347604	0.00028941646735347604	0.00028941646735347604	0.0002884164673560008	0.0002884164673560008	0.00028741646735852555	0.00028741646735852555	0.00028741646735852555	0.00028741646735852555	0.00028741646735852555	0.00028741646735852555	0.00028741646735852555	0.00028741646735852555	0.00028741646735852555	0.00028741646735852555	0.00028741646735852555	0.0002864164673610503	0.0002864164673610503	0.0002864164673610503	0.0002844164673660998	0.0002834164673686246	0.00028241646737114934	0.00028041646737619885	0.00027841646738124837	0.0002754164673319792	0.00027141646734207825	0.0002684164673496525	0.00026641646735470204	0.00026241646736480106	0.00025741646737742485	0.00025041646733825473	0.0002444164673534033	0.00023941646736602706	0.00023741646737107658	0.00023641646737360134	0.0002354164673761261	0.00023441646737865085	0.0002334164673811756	0.0002334164673811756	0.0002334164673811756	0.0002334164673811756	0.0002334164673811756	0.0002334164673811756	0.0002334164673811756	0.00023241646738370036	0.00023241646738370036	0.00023241646738370036	0.00023241646738370036	0.00023241646738370036	0.00023241646738370036	0.00023241646738370036	0.00023241646738370036	0.00023241646738370036	0.0002314164673293817	0.00023041646733190646	0.00022841646733695598	0.00022841646733695598	0.00022741646733948073	0.00022741646733948073	0.0002264164673420055	0.0002264164673420055	0.0002264164673420055	0.0002264164673420055	0.0002264164673420055	0.000226190597970799

