steps	0	5	10	15	20	25	30	35	40	45	47
energies	-449.888637	-453.726536	-454.588924	-454.618771	-454.648349	-454.649949	-454.651699	-454.651702	-454.651718	-454.651726	-454.65172646200836
errors	4.850146416467339	1.0122474164673463	0.14985941646733636	0.12001241646737526	0.09043441646736028	0.08883441646736401	0.08708441646734855	0.08708141646735612	0.08706541646733967	0.08705741646735987	0.08705695445900119

steps	0	5	10	15	20	25	30	35	40	45	50	55	60	65	70	75	80	85	86
energies	-450.73386	-453.385125	-454.761055	-455.095622	-455.126377	-455.135027	-455.13595	-455.135988	-455.136085	-455.13703	-455.137085	-455.137124	-455.137128	-455.137128	-455.137128	-455.137124	-455.137128	-455.137128	-455.1371276551679
errors	4.0049234164673635	1.35365841646734	0.02227158353264258	0.3568385835326353	0.3875935835326345	0.39624358353262323	0.39716658353262346	0.3972045835326412	0.3973015835326237	0.3982465835326252	0.3983015835326569	0.39834058353261526	0.398344583532662	0.398344583532662	0.398344583532662	0.39834058353261526	0.398344583532662	0.398344583532662	0.39834423870053115

steps	0	5	10	15	20	25	30	35	40	45	50	55	60	65	70	75	80	85	90	95	100	105	110	115	120	125	130	135	140	145	150	155	160	165	170	175	180	185	190	195	200	205	210	215	220	225	230	235	236
energies	-449.971489	-453.40235	-454.390787	-454.540847	-454.564336	-454.580134	-454.584697	-454.586126	-454.58721	-454.5883	-454.588417	-454.588684	-454.589323	-454.590132	-454.590457	-454.591042	-454.591742	-454.595301	-454.607936	-454.638176	-454.688071	-454.721615	-454.727956	-454.731387	-454.73266	-454.733695	-454.734184	-454.735496	-454.736264	-454.736643	-454.737027	-454.737336	-454.737515	-454.73758	-454.737804	-454.738028	-454.738046	-454.738115	-454.738143	-454.738171	-454.738174	-454.738188	-454.738187	-454.738187	-454.738187	-454.738187	-454.738187	-454.738187	-454.73818747737937
errors	4.767294416467337	1.3364334164673437	0.34799641646736745	0.19793641646737115	0.17444741646733064	0.15864941646736952	0.15408641646735077	0.15265741646737752	0.15157341646732903	0.15048341646735253	0.1503664164673637	0.1500994164673557	0.1494604164673774	0.14865141646737356	0.14832641646734146	0.14774141646734051	0.1470414164673457	0.14348241646735005	0.1308474164673612	0.10060741646736915	0.0507124164673769	0.017168416467370662	0.010827416467350304	0.007396416467372546	0.0061234164673464875	0.005088416467344814	0.004599416467328865	0.0032874164673444284	0.0025194164673507657	0.0021404164673413106	0.0017564164673444793	0.0014474164673288215	0.001268416467382849	0.001203416467376428	0.0009794164673735395	0.0007554164673706509	0.0007374164673592531	0.0006684164673629311	0.0006404164673767809	0.0006124164673337873	0.0006094164673413616	0.0005954164673767082	0.0005964164673741834	0.0005964164673741834	0.0005964164673741834	0.0005964164673741834	0.0005964164673741834	0.0005964164673741834	0.0005959390879866078

steps	0	5	10	15	20	25	30	35	40	45	50	55	60	65	70	75	80	85	90	95	100	105	110	115	120	125	130	135	140	145	150	155	160	165	170	175	180	185	190	195	200	205	210	215	220	225	230	235	240	245	250	255	260	265	269
energies	-450.192477	-452.746769	-454.095341	-454.50262	-454.569107	-454.581691	-454.585607	-454.588541	-454.593045	-454.598051	-454.601842	-454.608087	-454.583328	-454.625352	-454.674818	-454.724692	-454.73386	-454.736812	-454.737657	-454.738188	-454.73846	-454.738521	-454.7386	-454.738652	-454.7387	-454.738725	-454.738739	-454.738751	-454.738756	-454.738759	-454.738763	-454.738767	-454.738772	-454.738777	-454.738779	-454.73878	-454.73878	-454.738781	-454.738784	-454.738785	-454.738785	-454.738785	-454.738785	-454.738786	-454.738785	-454.738785	-454.738785	-454.738785	-454.738785	-454.738785	-454.738785	-454.738785	-454.738785	-454.738785	-454.73878547910454
errors	4.54630641646736	1.9920144164673843	0.6434424164673374	0.23616341646737737	0.1696764164673823	0.15709241646737837	0.15317641646737457	0.15024241646733572	0.14573841646733854	0.14073241646735823	0.1369414164673799	0.13069641646734453	0.15545541646736183	0.11343141646733557	0.06396541646734022	0.014091416467351792	0.004923416467363495	0.0019714164673700907	0.0011264164673434607	0.0005954164673767082	0.0003234164673813211	0.00026241646736480106	0.00018341646733688322	0.00013141646735448376	8.341646736198527e-05	5.841646736826078e-05	4.4416467346763966e-05	3.2416467377061053e-05	2.741646733284142e-05	2.4416467340415693e-05	2.0416467350514722e-05	1.641646736061375e-05	1.1416467373237538e-05	6.416467329017905e-06	4.41646733406742e-06	3.416467336592177e-06	3.416467336592177e-06	2.4164673391169345e-06	5.835326533087937e-07	1.5835326507840364e-06	1.5835326507840364e-06	1.5835326507840364e-06	1.5835326507840364e-06	2.583532648259279e-06	1.5835326507840364e-06	1.5835326507840364e-06	1.5835326507840364e-06	1.5835326507840364e-06	1.5835326507840364e-06	1.5835326507840364e-06	1.5835326507840364e-06	1.5835326507840364e-06	1.5835326507840364e-06	1.5835326507840364e-06	2.0626371792786813e-06

steps	0	5	10	15	20	25	30	35	40	45	50	55	60	65	70	75	80	85	90	95	100	105	110	115	120	125	130	135	140	145	150	155	160	165	170	175	180	185	190	195	200	205	210	215	220	225	230	235	240	245	250	255	260	265	270	275	280	285	289
energies	-449.355768	-452.515624	-453.606211	-454.225099	-454.469209	-454.579344	-454.624387	-454.654602	-454.682841	-454.712284	-454.719369	-454.726197	-454.731603	-454.733544	-454.734413	-454.734807	-454.735492	-454.736128	-454.736659	-454.737165	-454.737805	-454.738211	-454.738342	-454.738469	-454.738511	-454.738529	-454.738548	-454.738563	-454.738577	-454.738589	-454.738593	-454.738595	-454.7386	-454.738612	-454.738624	-454.738635	-454.738638	-454.73864	-454.738644	-454.738647	-454.73865	-454.73865	-454.73865	-454.738651	-454.738651	-454.738651	-454.738651	-454.738655	-454.738666	-454.738671	-454.738672	-454.738672	-454.738672	-454.738672	-454.738672	-454.738672	-454.738672	-454.738672	-454.73867152415943
errors	5.3830154164673445	2.223159416467354	1.132572416467383	0.5136844164673562	0.26957441646737834	0.15943941646736448	0.11439641646734344	0.08418141646734512	0.05594241646736009	0.026499416467345327	0.0194144164673844	0.012586416467343042	0.00718041646734946	0.00523941646736148	0.0043704164673386	0.003976416467367017	0.0032914164673343294	0.0026554164673484593	0.0021244164673817068	0.0016184164673518353	0.0009784164673760642	0.0005724164673779342	0.00044141646736761686	0.0003144164673472005	0.0002724164673395535	0.0002544164673281557	0.0002354164673761261	0.00022041646735715403	0.00020641646733565722	0.0001944164673659543	0.00019041646737605333	0.00018841646738110285	0.00018341646733688322	0.0001714164673671803	0.00015941646734063397	0.0001484164673684063	0.00014541646737598057	0.0001434164673810301	0.0001394164673342857	0.00013641646734185997	0.00013341646734943424	0.00013341646734943424	0.00013341646734943424	0.000132416467351959	0.000132416467351959	0.000132416467351959	0.000132416467351959	0.00012841646736205803	0.00011741646733298694	0.00011241646734561073	0.00011141646734813548	0.00011141646734813548	0.00011141646734813548	0.00011141646734813548	0.00011141646734813548	0.00011141646734813548	0.00011141646734813548	0.00011141646734813548	0.00011189230792751914

steps	0	5	10	15	20	25	30	35	40	45	50	55	60	65	70	75	80	85	90	95	100	105	110	115	120	125	130	135	140	145	150	155	160	165	170	175	180	185	190	195	200	205	210	215	220	225	230	235	240	245	250	255	260	265	270	275	280	285	289
energies	-449.355768	-452.515624	-453.606211	-454.225099	-454.469209	-454.579344	-454.624387	-454.654602	-454.682841	-454.712284	-454.719369	-454.726197	-454.731603	-454.733544	-454.734413	-454.734807	-454.735492	-454.736128	-454.736659	-454.737165	-454.737805	-454.738211	-454.738342	-454.738469	-454.738511	-454.738529	-454.738548	-454.738563	-454.738577	-454.738589	-454.738593	-454.738595	-454.7386	-454.738612	-454.738624	-454.738635	-454.738638	-454.73864	-454.738644	-454.738647	-454.73865	-454.73865	-454.73865	-454.738651	-454.738651	-454.738651	-454.738651	-454.738655	-454.738666	-454.738671	-454.738672	-454.738672	-454.738672	-454.738672	-454.738672	-454.738672	-454.738672	-454.738672	-454.73867152415943
errors	5.3830154164673445	2.223159416467354	1.132572416467383	0.5136844164673562	0.26957441646737834	0.15943941646736448	0.11439641646734344	0.08418141646734512	0.05594241646736009	0.026499416467345327	0.0194144164673844	0.012586416467343042	0.00718041646734946	0.00523941646736148	0.0043704164673386	0.003976416467367017	0.0032914164673343294	0.0026554164673484593	0.0021244164673817068	0.0016184164673518353	0.0009784164673760642	0.0005724164673779342	0.00044141646736761686	0.0003144164673472005	0.0002724164673395535	0.0002544164673281557	0.0002354164673761261	0.00022041646735715403	0.00020641646733565722	0.0001944164673659543	0.00019041646737605333	0.00018841646738110285	0.00018341646733688322	0.0001714164673671803	0.00015941646734063397	0.0001484164673684063	0.00014541646737598057	0.0001434164673810301	0.0001394164673342857	0.00013641646734185997	0.00013341646734943424	0.00013341646734943424	0.00013341646734943424	0.000132416467351959	0.000132416467351959	0.000132416467351959	0.000132416467351959	0.00012841646736205803	0.00011741646733298694	0.00011241646734561073	0.00011141646734813548	0.00011141646734813548	0.00011141646734813548	0.00011141646734813548	0.00011141646734813548	0.00011141646734813548	0.00011141646734813548	0.00011141646734813548	0.00011189230792751914

steps	0	5	10	15	20	25	30	35	40	45	50	55	60	65	70	75	80	85	90	95	100	105	110	115	120	125	130	135	140	145	150	155	160	165	170	175	180	185	190	195	200	205	210	215	220	225	230	235	240	245	250	255	260	265	270	275	280	285	290	295	300	305	309
energies	-450.204738	-452.51403	-453.549487	-454.035685	-454.285447	-454.44773	-454.544983	-454.61644	-454.65598	-454.67333	-454.685493	-454.695287	-454.705876	-454.712702	-454.719509	-454.725271	-454.728393	-454.731453	-454.733502	-454.734885	-454.735742	-454.736202	-454.736668	-454.737052	-454.737351	-454.737562	-454.737742	-454.737858	-454.738042	-454.738211	-454.738349	-454.738429	-454.738518	-454.738574	-454.738647	-454.738695	-454.738726	-454.738741	-454.738749	-454.738756	-454.738759	-454.738762	-454.738763	-454.738764	-454.738764	-454.738764	-454.738764	-454.738764	-454.738764	-454.738764	-454.738764	-454.738764	-454.738764	-454.738764	-454.738764	-454.738764	-454.738764	-454.738764	-454.738764	-454.738764	-454.738764	-454.738764	-454.73876418148905
errors	4.534045416467336	2.2247534164673652	1.1892964164673572	0.7030984164673555	0.4533364164673799	0.2910534164673777	0.19380041646735435	0.12234341646734492	0.08280341646735678	0.06545341646733505	0.05329041646734822	0.04349641646734881	0.03290741646736706	0.026081416467377494	0.01927441646733996	0.013512416467335697	0.010390416467373598	0.00733041646736865	0.005281416467369127	0.003898416467336574	0.003041416467340241	0.002581416467364761	0.002115416467347586	0.0017314164673507548	0.0014324164673666928	0.0012214164673309824	0.0010414164673306914	0.0009254164673393461	0.0007414164673491541	0.0005724164673779342	0.00043441646732844674	0.00035441646735989707	0.0002654164673572268	0.00020941646732808294	0.00013641646734185997	8.841646734936148e-05	5.741646737078554e-05	4.241646735181348e-05	3.441646737201154e-05	2.741646733284142e-05	2.4416467340415693e-05	2.1416467347989965e-05	2.0416467350514722e-05	1.941646735303948e-05	1.941646735303948e-05	1.941646735303948e-05	1.941646735303948e-05	1.941646735303948e-05	1.941646735303948e-05	1.941646735303948e-05	1.941646735303948e-05	1.941646735303948e-05	1.941646735303948e-05	1.941646735303948e-05	1.941646735303948e-05	1.941646735303948e-05	1.941646735303948e-05	1.941646735303948e-05	1.941646735303948e-05	1.941646735303948e-05	1.941646735303948e-05	1.941646735303948e-05	1.92349783105783e-05

steps	0	5	10	15	20	25	30	35	40	45	50	55	60	65	70	75	80	85	90	95	100	105	110	115	120	125	130	135	139
energies	-449.693773	-452.953292	-453.902816	-454.32223	-454.57512	-454.671993	-454.704431	-454.717089	-454.727689	-454.732509	-454.735651	-454.736959	-454.737469	-454.73786	-454.738182	-454.738474	-454.738643	-454.738717	-454.738744	-454.738755	-454.73876	-454.738763	-454.738764	-454.738764	-454.738764	-454.738764	-454.738764	-454.738764	-454.7387640239925
errors	5.045010416467335	1.78549141646738	0.8359674164673834	0.4165534164673659	0.16366341646732963	0.06679041646737005	0.03435241646735676	0.021694416467369138	0.011094416467358315	0.006274416467363153	0.003132416467337862	0.001824416467343326	0.001314416467380397	0.0009234164673443956	0.0006014164673615596	0.0003094164673598243	0.00014041646733176094	6.641646734806272e-05	3.941646735938775e-05	2.8416467330316664e-05	2.341646734294045e-05	2.0416467350514722e-05	1.941646735303948e-05	1.941646735303948e-05	1.941646735303948e-05	1.941646735303948e-05	1.941646735303948e-05	1.941646735303948e-05	1.939247488280671e-05

